-5.932679588347781197e-01
1.042572316726277037e+00
1.853467608554075108e+00
1.256511972935126176e+00
5.909823784010787007e-01
8.414677534949939197e-01
-8.570962331558138469e-01
1.606387320675291219e+00
1.656534901260683812e+00
-1.340618466179903656e+00
-7.397554158789296785e-01
1.556187348623123246e+00
-1.228282179317269351e-01
-3.074911299518205965e-01
-2.269632581243553382e+00
-5.751488994273801225e-03
-5.000186701271054357e-01
-5.248592207608964166e-01
-1.518098457410386182e+00
5.153976709640901710e-01
2.832890732810667167e+00
-5.533466127610577878e-01
-7.242844735059916772e-02
4.010068947100063896e-01
-7.197995347578760583e-01
5.589778222029139210e-01
2.162217470465221947e-02
-5.863351302586212732e-01
-6.267219335747897802e-02
6.779993270473243516e-01
-9.379916758913031671e-01
1.316440712873572227e-01
6.607878039235381973e-02
-8.254167706250628012e-01
1.246476686228673803e+00
-1.259606185580292692e+00
7.403284000565940604e-01
-9.010454341926386057e-01
-2.130269450865822645e-01
1.087869595845062154e+00
2.772055161813203883e-01
-1.856776611638681462e+00
-8.215136507428132395e-01
-9.109530180758189655e-01
-9.300826491322127243e-01
4.168513041685157350e-01
1.916633742152518138e-01
-1.334832547558816085e+00
3.341043108733569689e+00
1.113016314060357725e-01
-1.872514960222475544e+00
-1.912547045900606646e-01
-6.053355290657393972e-01
-8.192021098222732611e-01
-8.660479555060803802e-01
1.284746374048926665e+00
3.590855332572093217e-01
-1.269031203176784750e-02
-1.221800590339051640e-01
4.574176839307281250e-02
-4.133721440904093436e-01
-1.032535424662119006e+00
-1.849673235735056931e+00
1.502226530023870188e-01
-4.305159480482961820e-01
-8.927757011411782129e-01
-2.869035037520765163e-01
4.219931938458384990e-01
-2.852490574212662722e-03
7.107893285969698605e-01
5.956745333764343897e-01
7.733967200773820272e-01
1.816799466839538191e-01
-7.707662442077811704e-01
2.138968404072227436e+00
1.682772370577879872e+00
-1.229113770777360060e+00
1.787010892132488982e-01
-1.808556567923468750e+00
1.163202639484571144e+00
4.501745710957960611e-02
-9.904913780715053351e-01
-2.918761715953513303e+00
-2.265294466980627863e+00
2.102614993365576446e+00
-1.817662450360478799e+00
7.334376456639364328e-01
-7.371706588234803181e-01
3.239984814557109738e-01
1.086236630927402080e+00
5.876791117553622490e-01
1.112854942611388953e+00
3.323945887781817321e-01
-4.723773174566314736e-01
2.036104677571575650e+00
1.120968751581921996e+00
-1.300059160086207033e+00
-1.173685948411544500e+00
7.523110621400268538e-01
3.518298086719096052e-01
2.397278255963847249e-01
2.106435103663313324e-01
-6.479893033353443244e-01
2.951747330489087329e-01
1.995976255418260292e+00
-1.878236788070641872e-01
-1.250226038248871685e+00
-2.377494251210774401e+00
7.288896489784871813e-01
8.404280414523535025e-02
3.030146520295319279e-01
3.030670866068196911e-02
-1.348156152393276797e+00
1.149163256409728273e+00
2.054004883390224023e+00
2.828336120126645481e-01
4.064584225855177868e-01
1.184662967200550976e-01
5.336949205073788782e-01
-3.295124482442666203e-01
-1.022902333704180933e+00
4.717254340934975976e-01
-1.724025310906420749e-01
1.022191915406178153e-01
-1.337812538479305147e+00
8.640658196201398411e-01
1.734431653255323336e-01
-5.587324178559878174e-01
-1.407252661053518317e+00
5.204205491177776866e-01
8.931207498508686449e-02
5.765493300410007294e-01
2.423837769235823725e-01
1.542564099161418678e+00
-3.420608606997918022e-01
-3.561420763333927875e-01
7.695424806651718352e-02
1.510423418854287103e+00
-3.147286601578738185e-01
8.037720219935762245e-02
2.576957144904850061e-01
-8.165561783717578681e-02
-9.506341727593969892e-02
-6.873643176491226470e-01
-8.160402732121974090e-01
-4.302092394059089386e-01
-4.972899797981966685e-02
4.419649603989831421e-01
-1.383313304808198918e+00
1.587127002084017580e+00
-2.519515837187231710e-01
-1.871081257454043634e-01
1.233451876990107277e+00
-3.355598779193531556e-01
5.624021032675521337e-01
-6.327366924249140379e-01
-1.607456219770361017e+00
1.320618046939050494e-01
-3.475140156685554427e-01
9.251357397380430836e-01
-1.462080511691334017e+00
9.166017817575591309e-01
-5.154097861739148634e-01
6.608339832682579296e-01
6.017958320939126304e-01
2.333697278227604421e-01
3.034117133119285104e-02
-8.121529447170303673e-01
7.030310146177867203e-01
2.520413669552576952e-01
1.391512320886877152e+00
-4.309752468011898152e-01
1.018202438549896449e+00
2.195553950126551079e+00
-4.056138666796877956e-01
-4.631322884878743551e-01
-8.340352829322894568e-02
-9.764432562834002294e-02
-6.764507875965033445e-01
5.383645822370278777e-01
-9.033156265439290511e-02
2.956522421287862690e-01
-3.579562133677591795e-01
2.678710791632484156e+00
7.983296690893431080e-01
6.395541615574760197e-01
5.538029173065965871e-01
-6.639373282461611403e-01
5.638311021096183984e-01
-1.176591449136695555e+00
1.980248427401646083e+00
8.132448192921387653e-01
-2.105189059287982278e+00
4.041839423319765201e-01
-3.227247315532264516e-01
4.602528567886007838e-01
4.881587131968578852e-02
6.920719629255440708e-01
-8.159503992933747618e-03
-8.621319614386295793e-01
-7.077205812968667686e-03
9.937782762978855100e-01
-1.127648355385166834e-01
-5.426022235139504879e-01
2.079158242723029293e-01
-9.091078889285142406e-01
-4.431642867318430490e-01
-4.959447221153090446e-01
-5.341618756207531238e-01
2.493928796714474316e+00
2.113519843727202918e+00
-1.096525580316828785e+00
-1.788423480898826412e-02
-7.410196303179745758e-01
1.984196439706721993e+00
2.037579960642407428e+00
8.432627389647495697e-02
-9.106126088170751753e-01
-2.493724985594580890e-01
1.170292642661857840e+00
5.844930229563023438e-01
-1.380276671428782187e+00
2.297991247199397957e-01
5.562646894132446951e-01
8.609041334201319451e-01
-9.893696493893893162e-01
-6.909204876915746585e-01
-1.594783877849147213e+00
3.165440775523551409e-01
3.559124267509975459e-01
1.117364333760094919e+00
-2.672144956214152600e+00
-3.085432511605528116e-01
1.702574089253553247e+00
2.940874613389199421e-02
-2.125599355333780416e-01
-1.531558861786330716e-01
-2.357489239290180283e-01
1.535431120182981779e-01
1.214169237481160790e-01
-1.037839945487501581e+00
6.120012048806120486e-01
2.522178149099304489e-01
4.344685481401467375e-01
-1.064524421424084100e+00
1.245029345790603426e+00
-4.504428585303301702e-01
3.441860571794641555e-01
1.518796060374394408e+00
7.312258745026921636e-01
-1.771756424991274503e+00
1.182546467672818125e-02
2.320610110013009986e-01
1.252126597420355480e-03
-1.036981967850135522e+00
4.855835385730153941e-01
-3.104010873385305569e-01
-1.766340197034901305e-01
9.742866778712645504e-01
-4.913170867923437601e-01
-5.610961069268518564e-01
-7.301926532841029882e-01
2.294672926114948996e-01
-2.842528145262990247e-01
-2.163148290387559403e+00
-7.108957940710818324e-01
4.036014392315587784e-01
-1.289997044325801312e-01
-5.762309550095490174e-02
2.274736673635110673e+00
-1.489245294928626340e+00
2.151197852034203439e-01
-1.360070318985231896e+00
-1.056540997303125007e+00
-8.953135103541831619e-02
-1.217601902411108217e+00
-5.515000996465713179e-02
4.075661738461471284e-01
6.486303305580393141e-01
1.587681567663631998e+00
-4.836022386477365487e-01
7.147392076983772879e-01
-1.241996960628403146e+00
7.837232869744097385e-01
-7.062320953108347510e-02
-1.303728103015484585e-01
-2.625478294403049695e-01
-2.687913954274461226e-01
7.814370379295800806e-01
-7.920190306744085973e-01
5.351236162350578862e-01
4.386801700441816942e-01
-3.244730456389843809e-01
-1.499111258919411549e+00
2.157093135613784574e-01
1.773949104136659294e+00
3.846155023040456200e-01
-8.874516141187459572e-01
-1.023791069332259163e+00
-4.772292381535974126e-01
6.869433030855385258e-01
1.009203579956403862e+00
-2.078477517250560958e-01
8.618947626750812496e-01
1.927211802976887434e+00
8.791759796255504966e-02
4.660671816639161413e-01
1.930429509111066366e+00
-1.931362424466800842e+00
-3.341903688587869459e-01
1.593240322674335463e+00
2.183855368275093856e-01
9.056851600263982061e-01
-1.182778411855679002e+00
1.595794892162901046e+00
1.062263894705540501e+00
9.823132430863636966e-01
-4.988343626030233846e-01
2.241962086004261057e-01
-5.159426203911254838e-02
1.402075527973138724e+00
-1.156029143063801445e+00
-9.303411526749949534e-02
-1.687263762382678278e+00
2.656655146462960637e-01
5.630362977749848730e-01
-6.031984860130836790e-01
-4.063985330600723422e-01
1.222177585177872450e+00
-2.450610942588571373e-01
-1.154618644935204941e+00
-6.047484207917979138e-01
-6.742654691238381126e-01
4.792751224304563351e-01
-2.330988986922075679e-01
9.351914342838737459e-01
-1.985118519981496910e-01
-1.794502333394254467e-01
3.691224521951539383e-01
-2.113498130507180939e-01
-3.933986034632726003e-01
-2.205632355509901110e-01
1.263355766280046755e+00
-3.864880233685674682e-02
-2.102166255001926665e+00
-1.149102905350305237e+00
4.297969491114761453e-02
1.382788627824193428e+00
-2.276618231922866720e+00
-1.014733075592637590e+00
-1.879948159124476881e+00
-5.914132316817166668e-02
-3.295089486477993379e-01
8.396404707409375057e-01
-1.872751191608473809e+00
3.793504308403277125e-01
2.871333496164220067e-01
1.443329974570871199e+00
2.417949620295091195e-01
2.422784430122612020e-01
9.740573585056834238e-01
3.457859684464936745e-02
-8.906209464328772585e-01
-9.005277663370481189e-02
-1.716648073955179266e-01
-2.013147661330196847e+00
-1.281749732699352773e+00
3.129395487238931794e-01
-2.445869948797032567e-01
-1.262449368620651935e+00
2.839608657731014230e-01
4.726505247496891049e-01
9.129380458276215027e-01
1.753957743629283583e-01
6.959177745157429928e-01
1.195327390992186434e+00
-2.269549605650195367e+00
1.150185555802841542e+00
-9.027790256801526692e-01
1.991403815768389984e-01
9.406474555353607769e-01
-7.329880598716691509e-01
4.096240777163151492e-01
4.647790385423282711e-01
-3.592653597797159648e-01
-5.574641764178065451e-01
-1.209085106542185484e+00
1.078131338251176796e+00
4.170072047177852959e-02
1.880565647418057651e-01
-3.513729524276285598e-01
1.536417619554886205e+00
-1.580201288808366300e+00
-1.413720329505286255e+00
1.173163462486686237e+00
-1.489840780688630018e+00
-1.770478258693771068e+00
7.565389712640206987e-01
5.328461831391946291e-01
-1.399010265455391533e-01
-7.578330072313155252e-01
-9.905032436292420250e-01
-7.781252596220054052e-01
-1.029082782128172280e-01
4.870271488586002118e-01
-6.133444263574185928e-01
-1.654029022212191169e+00
-2.202449400432704429e-02
-7.821590066613715031e-01
2.662994731524084280e-01
-2.246244936754319799e+00
-8.575513178650480128e-01
4.495473313075006860e-01
-1.004362208892582320e+00
1.393705924243462624e+00
7.117194551036735151e-01
-8.585613456050711356e-01
8.229196721651321766e-02
-6.257893569832950753e-02
-1.357660837848389868e+00
1.444854935977052390e-01
3.877689111814875966e-01
1.232012933424168288e+00
9.621112659837230963e-01
-1.730367509861104214e+00
5.271010941390696924e-01
1.128495024534935887e+00
-4.783037978792854528e-01
-8.041595812817737832e-01
3.914321549363974362e-01
-2.620956808957785045e-01
-4.440350829312604830e-01
-3.406639921520131509e-01
-4.578605569533198416e-01
-2.112662517383460337e+00
-1.092619909388671928e+00
4.304083102231308633e-01
8.705218801723035860e-03
7.646462179513151547e-01
-2.245595615632495434e+00
1.692748184061984240e+00
-1.098499050919464093e+00
4.932867347172655292e-01
-3.311111274196587573e-01
-2.742994060113956856e-01
1.294931736193468907e+00
1.289735266447207263e-01
-1.599523209173892013e-01
-2.313444730557157492e+00
-2.987403104561143774e-01
-1.314584387887188566e+00
-3.681290065076816553e-01
-1.083821741629174884e+00
3.333208552254895984e-01
-2.897823480637271576e-01
-1.364222402095129461e+00
-4.917834676181531695e-01
2.798908084003561836e-01
-3.547953784755135676e-01
-1.022001907700028855e+00
4.764938331020960316e-01
3.381706177363064114e-01
-8.392093129959734554e-01
-2.266231131133189525e-01
-5.689726032446080772e-01
-9.921152838911591054e-01
-8.948383242336761523e-01
-2.079917155679071428e+00
3.291631873608524828e-01
2.807443286359149415e+00
2.593892439984226694e-01
6.622782218038234525e-01
1.400664494213442079e+00
-1.218596515151816995e+00
-6.529866829989994237e-01
-2.006093234367743339e+00
7.151934050476091986e-01
-6.390988346991206548e-01
-9.084202163494103921e-02
-2.206668721277556422e+00
1.415713720732405090e+00
7.527972979486434735e-01
-5.129637443143004738e-01
2.843805329480004751e+00
-1.390715499248665221e+00
-1.332477887956247553e+00
7.398658245956444279e-01
8.763763412306053713e-01
-5.667952179974276028e-01
-3.435964974243856940e-01
-4.562224548283499992e-01
-5.925673062621401588e-01
-3.626830186075771234e-01
-2.346846221092783180e-01
6.907583923166851214e-01
9.399744180479722155e-01
2.330359682148192002e-01
9.023663886988397831e-02
-7.071420054677262090e-01
-1.420746551834489058e+00
-1.932498158577006242e-01
-9.317763156159298843e-01
-1.442193833374076473e+00
1.267836906350223058e+00
3.948120566333265247e-01
1.820908060079497348e+00
1.162176971848931428e+00
-7.828345027701555381e-01
-1.373627910819434916e+00
-1.177005727334808682e+00
-7.898961538874837984e-01
-1.603275105423079161e+00
2.280170304004580650e-02
-1.149585147633453319e+00
-1.411641744971074974e+00
2.629405590650355506e-01
3.793582317887456146e-01
9.225896166533753551e-02
9.242392921260511596e-01
2.999292650241529579e-01
1.284962758084873258e-01
-1.220336982615357613e+00
-1.333097572964726085e+00
-5.040438576458632358e-01
4.967033399955522732e-01
5.946770190974870474e-02
3.676425322718392952e-01
-8.093056787790686712e-02
1.116807197854032152e+00
-1.473385592539313560e+00
2.981219690331393224e+00
2.432986306742290772e-02
-9.634326779857762535e-01
-5.949133086983069418e-01
-3.021772531798414541e+00
8.506067095516017806e-01
4.044895325090793747e-01
2.816816985001679985e-01
1.820226516385112348e+00
7.266741927439946958e-01
1.890368765525080486e+00
4.786905205174576405e-01
9.346269361169110557e-01
1.399445497560574347e+00
9.163751192532949563e-01
-3.149122300438755850e-01
1.269273631332547003e-01
-6.370105104477548075e-01
-7.499767509388555187e-01
-1.290006963060061906e+00
-3.185998714773138341e-01
9.937856572909364861e-02
-1.670523809195495257e+00
1.548634808004770713e-01
1.558745137147816706e-01
1.601466536277900143e-01
5.385713702379497647e-01
-1.523123698594441855e+00
-1.519856217917978869e+00
5.771415774863024595e-01
-1.580203564725082277e+00
-6.822660715413642052e-02
3.164350324796091907e-01
-6.147603539986030707e-01
-5.712477800744975021e-01
1.605149872978941961e+00
-1.216937239547461358e+00
1.079999754688374836e+00
1.019001002271768153e+00
-1.220224914452045839e+00
-1.401302188656655456e+00
5.856148775092621106e-01
-9.759849719635762533e-01
3.726060734795140217e-01
-2.298310437110622217e-01
1.095801215632580705e+00
1.036384267031190021e+00
6.760300500705307414e-02
1.224351588043229411e+00
-6.835879943494718169e-01
9.465811501855503352e-01
-1.828811595201610185e+00
2.927526417869015241e-01
-2.471151592969049737e-01
3.626464779150544437e-01
1.189520911647954371e-01
-3.805218949898176994e-01
-1.384667848516173194e+00
-6.756016540380049840e-01
-7.445733332719060016e-01
-6.924797416363888125e-01
-2.938703499236434702e-01
-3.146728288500328929e-01
-7.557695628581644343e-01
1.299151164827485605e+00
-6.502610395862014059e-01
-1.434774048371856736e+00
-2.602626086974142439e-01
1.805520993559359688e+00
-2.040053991251667753e+00
-8.257532205915523171e-01
-8.266714707128830497e-01
-2.014823974512056637e+00
-6.222353184285247529e-01
2.897731503135556608e-01
1.581833471777747580e+00
-3.930564908184959183e-01
-2.276157609128965920e-01
1.023636012765589465e+00
1.489588114684444742e-01
2.885454016106512309e-01
-4.063895364236009833e-01
2.017001763816992810e+00
1.768415486571165207e+00
-1.200226880894209813e+00
-2.400960850535269753e-01
-2.720156212674444962e-01
9.520609313836942977e-01
-5.405022734731614875e-01
6.543252945818525124e-01
-1.317283712438707788e+00
5.970871084100226600e-02
3.905067144334522511e-01
-1.305292950637183313e+00
-4.721333213401993634e-01
9.317749750666622921e-01
2.095732459923103086e+00
4.081252901400781452e-01
1.680415451362600177e-01
1.379540922239873346e+00
3.117319376437976963e-01
-8.683750618180627878e-01
-1.861068806087207150e-01
-1.154315113253405967e+00
4.097225175364815897e-01
5.502399423440804682e-01
-6.608194223502508180e-01
-8.030963877816517105e-01
1.030192707279532049e+00
-2.251932284279786867e+00
8.247349103105430235e-01
-7.912815940126107783e-01
1.713285789820551130e+00
5.635300679779529087e-01
-1.102410740976835335e+00
-1.001160751669170512e+00
7.329343579715801305e-01
-1.395093562990556091e+00
2.056652602491717552e-01
-7.557957339210519265e-02
-1.329832455661277724e+00
5.704506255916197421e-01
-2.984811116925243368e-01
-1.214382641454525569e-01
-1.389802503083363838e-01
6.580104109587356920e-01
-3.024166195172819371e-01
8.340021051260744223e-01
-1.274148259906238589e+00
-7.710712935755337227e-02
-1.151359908486324635e+00
-1.496531127853295340e+00
5.941420327184048222e-01
1.897259324579173345e+00
3.134075286772415314e-01
-5.481901457118139032e-01
1.573466185411276363e-01
-1.572435899546797966e-01
1.255737241155683082e+00
5.043105445408609944e-01
1.513484114812484460e-01
1.094100990521239325e+00
1.663378614488361329e+00
2.815744794977959042e-01
-6.772689418976325371e-01
1.457942757251825316e+00
1.587062897901340142e-01
6.921737870484214739e-01
1.008866252044106293e+00
-5.211878219127111800e-01
-1.328687415571427888e+00
-2.711711427778860095e-01
1.603564388359768778e+00
-3.265905828016388845e-01
-1.947225584600340564e-01
-9.180656057467544429e-01
9.254637836947310348e-01
-2.011700683719063187e-01
-9.852145459323804477e-01
-1.141672491944980550e-01
-1.904033610392978471e+00
-5.256308763409471840e-01
4.664789206730968196e-02
-7.924943111108739835e-02
9.276674673537719240e-01
-1.291283701372490267e+00
-1.320767926973731576e-02
4.780109433980423983e-01
2.925672987745260301e-01
3.942877178391803739e-01
2.496215258691079075e-01
8.758862964850755439e-02
-1.481944536346442742e+00
-2.306440036895121004e-01
-9.526192111910614102e-02
9.100984445526532074e-01
-4.500574281500702156e-02
-7.187397634084931042e-01
-1.695681662589345606e-01
-8.283005654117294725e-01
7.306234092148233827e-02
-4.687952055512423222e-01
-2.749974110585995390e-02
4.852803164735526309e-01
-1.470386486703630702e+00
-3.456505948982084853e-01
-1.062771247572709576e+00
-1.916234149460072089e-02
1.141182270627658646e-01
-4.025591916009818583e-01
1.351389237993181558e+00
6.833706595145780938e-01
1.199150601785973436e+00
9.042582979699922419e-01
1.778539205335227358e+00
4.908651159374641804e-01
5.634098581301463238e-01
-4.180123264782720227e-01
-1.435421162524514127e+00
-5.934875609653404993e-01
3.461799106747005528e-01
8.187146064904071707e-01
-8.101112199788880197e-01
-2.023191938200108009e+00
4.626368999091842182e-01
8.091206933710002325e-01
-5.806352464624382481e-01
8.486108786726478392e-01
-2.540623481793593541e-01
4.624976422666211007e-01
2.125911452706406024e-01
-5.111310710250295264e-01
-9.410903305809190655e-01
-6.822080934125649421e-01
1.470040604836607478e+00
-1.314298631741927403e+00
5.539970452407557699e-01
-3.574051358045682303e-01
4.637318040911087014e-02
-7.158857422257001168e-01
9.072786652392228479e-01
-3.217988350686245003e-01
-5.137515913091936781e-01
-8.093756117861128363e-01
-1.162409874666430198e-01
4.748027320099510451e-01
-8.205096252954846570e-02
1.560794568156620432e+00
-8.828267228173203307e-02
-9.796220188252955374e-01
-1.080875196376674952e+00
1.596940135751681034e-01
1.187178895385022859e+00
2.522715878447421289e-01
1.722565409216954002e-01
1.373106211195915805e-01
9.244773800840677680e-02
-9.408942323812210518e-01
-6.162195273713848565e-01
2.010643455639837818e-01
1.841449454664949137e+00
8.529440036789659452e-01
9.292940396511069068e-01
6.174598309597683077e-01
-1.534344580061587138e+00
1.040420534107728834e+00
-2.853390376912817494e+00
-4.701788620657847417e-01
4.816098397452459601e-01
7.531660460049449668e-02
3.777019534730352568e-01
-1.136291150870802458e+00
-1.228064042342595918e+00
-9.884525522140830134e-02
-4.810984975204535274e-01
-1.248631956102253859e+00
-9.034090799420062545e-01
7.923368580385181659e-02
-2.102675031173216968e+00
-1.585468331235387662e+00
9.923301188227985348e-01
-2.018727660675168067e-02
2.419377867025295004e+00
4.060201939208101241e-01
6.440331477955872908e-01
-8.038759858990682794e-01
1.498635810235140697e+00
-1.680654839852511184e-01
-1.725696453470962899e+00
-1.634617632436060175e+00
-5.585347632150976516e-01
2.683471393351449796e-01
-2.302436554296716231e+00
-7.872447629531544866e-01
-4.321713154910886701e-01
6.210029453573954195e-01
-2.493898882802895178e-01
-1.539894583247312099e+00
8.239139158467734259e-02
2.149994464732963628e+00
-3.495527019199669017e-01
5.464404779355325203e-02
8.776050759610712904e-01
-1.117288299493394366e+00
-2.485574651680665603e+00
7.945104713620972925e-01
-5.901386350632997768e-01
1.833223461744966087e+00
-1.044536146024548806e+00
-1.824234269212547943e-01
-1.586733524190985456e+00
-7.047435373469670417e-01
3.999198868483055946e-02
-5.511582023394714369e-01
1.133901394827554032e+00
-3.621318638404869006e-02
-7.152966949546524233e-01
9.172137877030654973e-01
-2.118498368906083229e+00
-7.316414121614389643e-02
4.324618328391491850e-01
5.136925246289996139e-01
5.649450010525192134e-01
-2.659195521512720539e-01
8.083809291485013482e-01
-1.554064960578092069e-01
-2.098920823242310885e+00
-2.546342260339846675e-01
-9.325627377567862197e-01
-1.084570666002444561e+00
-5.130949519408298798e-01
-9.082917856837515735e-01
-3.296883720431820208e-01
1.217356686439240443e+00
1.101440928659814578e+00
1.468476987462193017e+00
-7.443308417317968662e-01
1.807649969164137893e-01
1.883253945083870562e+00
4.920674034702194888e-01
-1.085240528977452712e+00
6.838934440247343982e-01
8.985495482112301202e-01
-4.233183115043508415e-01
-7.710425499418698259e-01
3.228600005812825025e-01
7.131774330954211427e-01
4.231059758571170670e-01
-1.621208323287904429e+00
-3.047422098072467556e-01
-1.425754175460613782e+00
-1.289450399697593674e+00
7.356030085980554967e-01
-1.802184307722434209e-01
8.993696030354381143e-02
-6.258563820806226641e-01
1.035942803105545984e+00
-9.052115541588368064e-01
-1.852946249173960114e+00
3.915059950172109504e-01
4.617494404399328789e-01
-5.519338597034606497e-02
2.221011467263998007e+00
-4.396235560626404748e-04
-4.414888642317149614e-01
1.018912824306672515e-01
-4.833156285781134986e-01
1.117464377523595509e+00
-1.530041970062141043e+00
-1.157943157901117681e+00
-1.274017225233212702e-01
-6.710300385102927478e-01
-2.759292421467260947e-01
-7.623474582842604264e-02
1.272448306366330995e+00
6.360535518142014233e-01
-1.320879809320039566e+00
-1.112932789697408165e+00
-4.614586037642012251e-01
1.952186029578800497e+00
-8.743346368442956873e-01
-6.394458876204649478e-01
-6.279307493057837419e-01
-3.639804554549299631e-01
-2.556066826351643506e+00
6.278557243403040111e-01
-1.236459812030497041e+00
9.042794670024152381e-01
1.009328367356830736e+00
-2.004765385589146298e+00
1.108124887434451145e+00
-1.298862805600386139e+00
-1.483951085162138472e+00
-5.320915875034999409e-01
-1.102645238960975327e+00
-1.932961467775885289e+00
4.523750819802616618e-01
6.099108374516863940e-01
2.917918011785962662e-01
-5.772548937731678542e-01
7.288377778723409417e-01
2.863924235827908227e-01
-8.077758535694785635e-01
5.367256080906530613e-01
-9.926798117024258072e-01
-1.388098044817953625e+00
-9.493442889719316824e-03
2.363433510197892051e-01
-1.330013912334019999e+00
1.631848967838088971e+00
-4.084316011099546895e-01
8.036201528162616459e-01
-1.186795493405563562e-01
-2.071573167311060004e+00
-1.782034624443695536e+00
1.097796330928806796e+00
-1.028823352296964533e+00
2.344268001761007802e+00
-1.689754749869587513e-02
9.539185766792372956e-01
-3.749858823423517507e-01
-7.771829798876861428e-01
1.098545141561365179e+00
-8.652955544674898469e-01
-1.905951865424119429e+00
-1.620045178383992202e+00
9.025049354660574785e-01
-4.039305083326594215e-01
4.591975520322340021e-01
4.294227287461420683e-01
-9.421020160941293575e-01
5.793618201560990499e-02
7.103013761471486109e-01
-1.879624075257368965e-01
1.487566347232349706e-01
-1.899189583940903425e-01
8.305469710724400212e-01
-1.151645116213759756e+00
8.783306862438964302e-01
-1.116209049323721558e+00
-8.430689496365340041e-01
-7.327969673749468171e-02
-9.584610578120380531e-01
2.959345934148065460e-01
6.443623010827526087e-01
1.401800673194183000e+00
8.826100676507504517e-01
5.801299376140023334e-01
4.016902336401848572e-01
2.045940838023003749e-01
-2.853335026602232816e-02
6.022653933936528148e-01
-7.389488335272096364e-01
-6.010623731068820419e-02
1.857662560190886047e+00
5.004958932558527529e-01
1.779875117990039612e-01
2.482298329164134287e-02
1.641794947584896525e+00
-2.553612615858148693e+00
-1.297303125602322638e-02
-6.147222923924169358e-01
-1.085372925855907500e+00
-1.516705562888650327e+00
-2.748539031197121396e-01
-2.839268287214316011e-01
-5.208018206902167435e-01
3.148568166507259569e-01
-5.813140501916644887e-01
-1.328192229186593298e-01
9.034372706362242544e-01
-1.193202669392237958e+00
3.646771067208129935e-01
-4.823531714029714035e-01
-2.565694916889491584e-01
4.438940988631557838e-01
2.813036623328104557e-01
2.893077371660508490e-01
5.288883599838340999e-01
5.060428068593265660e-01
9.186163049745522668e-01
-3.103636793722088782e-01
6.288784770704106686e-01
1.666586936561182508e+00
-7.619137224571254086e-01
1.239575736605061929e-01
4.156360534521499339e-01
1.861431438554284501e+00
-1.272647680803059345e+00
1.327063709182766837e+00
1.593458694521443508e-01
-7.154355868107620253e-01
-8.142499971158398964e-01
-6.568461878803741882e-01
-1.237308527854961593e+00
-3.983700003763481767e-01
-7.484635774549204257e-01
1.513044073863291761e+00
1.098262964559073795e+00
-1.043506903379078921e-01
8.984749164650951414e-02
3.277998590999628981e-01
9.255764202347878111e-01
6.732178528432433140e-01
-2.840804601611641722e+00
-1.485041609202700563e+00
-6.990788280963298185e-01
7.063799474792853417e-01
8.565589521699790154e-01
-9.351948875565083696e-01
1.415234226910229154e-01
-4.842498364736265160e-01
1.720480455117043839e-01
1.037349164416476288e+00
-6.202873669140731572e-01
1.850008965027264418e+00
-7.118357192573490089e-01
-6.588043599267967565e-01
5.741683374864172684e-01
-7.195767534135049104e-01
-1.261198402820639330e+00
-6.944126777328754052e-01
1.025075361217914205e+00
-2.462479073555043918e-01
-3.625123154408389503e-01
4.785286337434149218e-01
-7.763144250199069951e-01
1.412016674188486309e+00
-9.295998074115283671e-01
1.267036861180655061e+00
1.303283923192978477e+00
-2.451598082894610009e+00
-6.567014562472586192e-01
5.189125542110017975e-02
1.397057960679819466e+00
3.539322692404700543e-01
1.053782526497581973e-01
-1.108230122164364007e+00
2.170954807149086951e-01
6.999255758471210065e-01
1.742482661520960985e+00
-5.602608710988370433e-01
-5.839554792058663235e-01
6.260235867368355578e-01
-7.038629455346431252e-01
5.971118593696277399e-01
9.327384447090014685e-02
-1.002871081892781291e+00
-1.634961905957343919e-01
3.688317845508870541e-01
-7.823749763579446181e-01
-8.659323789370998448e-02
-1.642994295908552616e+00
-3.038211774515626740e-01
-1.408234214676216123e+00
6.744166895577923260e-01
-2.713457426809098294e-01
1.213350484420183006e+00
-9.623691075339757539e-01
1.591245863703443675e+00
-4.590188052298618260e-01
-8.634762603368302258e-01
-8.776976951438086871e-01
-8.455019792295064285e-01
-2.949540385629134676e-01
-2.890795084644381951e-01
-2.422129815077141757e+00
-6.633738412746401636e-01
-5.576449347035490334e-01
1.540917210535033943e+00
5.414328310772571484e-01
-1.040593311426774470e+00
-8.607964235049005985e-01
2.232718665133608837e+00
7.316760476765766796e-01
7.809719245417978684e-01
6.022500073455012704e-01
-1.287807516244651396e+00
-9.692033924417491342e-01
-1.763385549289120391e-01
6.925182867166825851e-01
-7.399097403038732423e-01
-2.684665063794033912e-01
2.662538598050439020e-01
1.228057955636302712e+00
1.124497632580762962e+00
-6.689370886810261929e-01
-3.104950388797567129e-01
-8.036296402112883541e-01
-6.897707714246537059e-01
-3.824634633916530468e-01
-6.159562909840414768e-01
-1.066648885752221165e+00
-2.837305869370685407e-01
-1.359621725019258598e+00
8.461277688076025427e-01
-1.703937896976621680e-01
-5.193670743105747167e-01
1.754617729360395506e+00
-3.919184501555261768e-01
8.379674028313834899e-01
-4.400918655447894068e-01
-5.579458212464156741e-01
-1.070661671282782113e+00
1.293431547336058918e+00
-1.175735545329255061e-01
-2.095496783782591965e+00
8.408663006072362167e-01
-3.857531224083430299e-01
1.736437011999202973e+00
1.195597777688622410e+00
-1.924137072398803605e+00
7.748107269718087498e-01
1.323226493770784939e+00
-1.314070124336013556e+00
1.336332324016225481e+00
-2.374813488642288917e-01
1.315809784313536790e+00
4.088231934179864524e-02
-1.256699150656836128e+00
4.922317272990934800e-01
1.920095407133977083e-01
-6.040400178452549618e-01
-4.143444084277430051e-01
-1.284735141102502531e+00
4.132226043661626491e-01
1.419977659276501880e+00
-1.083153611352069667e+00
4.208805436972427039e-01
-2.737599344112440214e-01
-9.151766055668764110e-01
1.244345579028829363e-01
-1.204948499096877512e+00
-9.726783142436143947e-01
-4.512890321894924561e-01
-1.574539611740751077e+00
-1.351263607743176109e-01
-1.049231818304070529e-01
1.099230412980616300e+00
1.703148098617412121e+00
8.832564285990189834e-01
-2.123534386330687695e-01
-4.071834247220484926e-02
4.831061865127739274e-01
-8.135826654234445954e-02
1.261709965982213966e-01
-8.739920679754988875e-01
-6.190866259704139729e-01
1.014032816527331571e+00
1.373613099764021683e-01
-7.929285464764497249e-01
2.607599497373711550e-01
2.221302096496859946e-01
5.329244272768884905e-01
8.782204889038691675e-02
-1.099831219377364278e+00
-1.689654356947784875e+00
1.098585928468613915e+00
4.402599042319921274e-02
-1.448462380592348442e+00
-4.228754135474863673e-01
-1.363367042372405358e+00
6.741039416878306101e-01
1.252141422857537822e+00
-7.519703047491430592e-01
1.160145998708466131e-01
1.275966612371560949e+00
6.533481788388189049e-01
1.383462159932624669e-02
-2.452499550199898071e-01
5.302610806237000318e-01
-1.389721904072762637e-01
4.063742157614868011e-01
-6.457388676624549184e-01
-2.095551361611853736e-01
1.164875315749632101e+00
-1.674893883354956703e+00
4.972418610546893714e-01
-9.551857790342932475e-01
1.522452640398801460e-01
-2.728873049240672088e-01
1.097327028408746408e+00
-2.402705824917994448e-01
6.980405329930852165e-01
-1.327192758914953252e+00
-4.444439986027410860e-01
-8.357173965043536157e-01
-8.289343711687013894e-02
-4.183314381253202541e-01
-1.699458905126467023e+00
-8.514441758306467989e-01
3.566402794532996801e-01
-6.548035958008266988e-01
9.146773060888162554e-01
-1.134251333689767716e+00
5.866619606656622299e-01
-9.950402496645940342e-01
2.359914988695446247e-01
-9.686976165004386186e-01
-2.283117559741436597e-01
6.520486331076057462e-01
-5.136099253306971590e-01
-6.142562222238689973e-01
7.032148310860855123e-01
5.543020186195077859e-01
-1.312302187777345530e-01
-1.424798256766497406e+00
-5.928174667383285801e-01
2.117023866717326896e-02
1.399807541857629900e+00
-2.323436705873477059e+00
9.856893549212255579e-01
4.660664729091128500e-01
1.600933864630093018e+00
4.378732821888373650e-01
-4.553296459781743799e-01
1.099298520257157019e+00
-1.780207900804415821e-01
-1.046142575402421171e+00
1.086610196434102615e+00
8.254282274288127219e-02
-3.128298132711937463e-01
-2.664508436881465325e-01
-9.217197953140703337e-01
1.119109856517278345e+00
-1.747227135941418208e+00
6.742980994518651405e-01
5.316810204471741352e-01
2.543148357740434573e-01
6.846362257552196517e-01
-1.766554518057103618e+00
7.285076355083494049e-01
-5.598029406282118980e-01
7.374297745357760725e-01
-2.407001999276674908e+00
5.171802894287468311e-01
-2.196330451743796264e+00
-3.491610299161067577e-01
8.032335850357081863e-01
6.998927910286159015e-01
-5.373234470887802150e-01
5.456838836234685353e-01
-7.170712540292214499e-01
-2.246682731941218591e-01
3.797240825052750068e-01
5.240030179918950815e-01
-7.939263300041332627e-01
-3.782593635703754842e-01
-1.870912854883800769e+00
-3.279442213725074495e-01
-4.841139814315158496e-01
1.182617134903843015e+00
-9.040699657647399690e-02
2.887111109248259311e-01
-1.262385436268451677e-01
5.463472295454718797e-02
-7.333676920528389154e-01
3.878996052256775684e-01
-4.390795701134417306e-01
3.232592454479906730e-01
1.619442876375045914e+00
6.044621409080088714e-01
4.362938873952709740e-01
-8.014581434422388684e-01
1.262045484257613204e+00
-1.915375671965733329e-01
-9.723541936328112811e-01
-8.730995765461129210e-01
8.254547532178611036e-01
7.992142045006778162e-01
8.974117160443113583e-01
-1.103867471261530842e+00
-8.936798404274366447e-01
-4.663656768254518248e-01
-9.087998263300369750e-01
-6.514338062978257682e-01
-9.517886865344040714e-01
-6.619398473607174260e-01
1.441939850176154891e-02
9.971428681790195370e-02
-1.936236726964541077e+00
-1.140544278938566691e-01
-7.195616939664479794e-01
5.727462364363344882e-02
8.374400777998226575e-01
3.258620733706945050e-01
-1.455346864326636513e+00
-6.132805683017488185e-01
-1.730677589299159047e+00
-5.191840470238995309e-02
-1.057382450992293110e+00
1.037428294838358411e-01
-6.763966423058522803e-01
-3.122629888730148462e-01
-1.316333903176239772e+00
-4.184798676084291458e-01
-6.285259491010692923e-01
1.122340450572201886e+00
6.370199830653653361e-01
1.122426258903816310e+00
6.973606058952539488e-01
1.184826640234121431e+00
-4.327266624056300692e-01
-1.070690556332663412e+00
1.252356600150508426e+00
-7.390920655190380550e-01
7.952607938978017987e-01
2.229026483354483723e-01
4.513968158307077871e-01
1.161415838691966629e+00
-8.233135879087001285e-01
-1.818181304145307209e+00
2.410107265309879843e-01
-1.228122327843549577e+00
-1.956701857147227219e+00
-4.105328604488134303e-01
1.371856749442829093e+00
-1.397597112026726318e+00
-1.979473163316233519e-01
5.601515581885019301e-02
-1.122341437939803788e+00
7.353077392589577599e-01
-1.235891908305432274e+00
1.057847763524392803e+00
-4.516801268546677406e-01
-7.682841596693390507e-01
-7.911158375370133111e-01
4.909966727102400008e-01
-2.062862654645606364e-01
8.299002174628983264e-01
-6.124811809175692012e-01
-8.833793321327743087e-02
-1.244049815173172924e+00
2.861732127790774793e+00
1.189695161013516911e+00
-2.058954641006849329e-02
-2.186327057974470911e-01
5.302871807593994014e-01
3.387334276032638591e-01
-7.531685426227241464e-01
-2.076818438212232554e+00
5.998374661756946669e-01
-8.635641797230819705e-01
8.699990408825810650e-01
1.544711901988043978e+00
-1.021033087617022161e+00
9.614486308631350342e-01
4.800952562976898985e-01
8.149395503660750162e-01
5.634063657792006685e-01
1.760012326709743613e+00
-1.015455949424888260e-01
9.386401876406554878e-01
5.081983908144511730e-01
-2.241363937774566217e+00
-1.165464149496708623e+00
-1.008992532202046544e+00
1.122719148123898947e+00
1.592400113314795806e-01
-1.852861831758780164e+00
-2.497623581885419775e-01
-3.593067114777079851e-01
-2.201649768830116205e-01
6.788905775510984952e-01
-1.129591541818255163e+00
-4.283476281732463420e-01
1.499548774616268787e+00
-3.389657097965859123e-01
2.096076745220886828e+00
-5.843305474474975725e-01
5.546756132110037818e-01
1.035033567739818139e-01
-9.631399209078694845e-01
-1.032344622014626179e+00
1.009041517086388451e+00
-1.128519525924279954e+00
-5.111230878422183821e-01
-1.387108170225118675e+00
7.665427525408214926e-01
1.135823719689430522e+00
-8.605663576925608460e-01
2.546919626051173502e+00
9.635604968698618933e-02
2.634904194301954661e-01
1.612505700205641546e+00
-1.135854568691751609e+00
7.135527912925638816e-01
1.059535724938830192e+00
4.620879441284460043e-01
4.927536403118870645e-01
7.392119272762172066e-01
-3.251344031413661573e-01
-1.291284436418798087e-01
-1.477010097177125836e+00
1.669981249182583838e-02
8.200588598085634118e-02
7.475614020526912817e-01
5.415352155646711019e-01
-1.044274280420248946e+00
3.576657606221682606e-01
1.087827780081783935e+00
-1.047359766308622486e+00
8.165567858209192842e-01
1.605972764601352409e+00
-4.656895000068321799e-01
4.421458513864386930e-01
8.605722437139884384e-02
-5.390130669372663608e-01
-3.669406543448785474e-01
-6.646865899328548988e-01
-1.459484858347350755e+00
-9.222452519480717203e-01
-1.613198850321449607e+00
4.613945066997869882e-01
1.434613625273679638e+00
-3.943369070226487860e-01
-7.051457583576573596e-01
3.599711952026997119e-01
2.701330003409927460e-01
-9.376798983725771475e-01
-2.917599119551481657e-01
7.566021577444632662e-01
8.141324562873578641e-01
4.614318897131606256e-01
-6.479355447411896396e-01
-1.161688058245525124e+00
1.641920328046309052e-02
4.030514600852761475e-01
-5.274781413114619788e-01
1.110042387433184174e+00
6.388075694206549748e-01
-2.796675304201534651e-01
3.052425392848667762e-01
1.817353496375480049e-01
-1.129562036192294450e+00
-1.266986455829350433e+00
1.211798740996751000e+00
1.427275456726493363e-01
-8.029117848282796288e-02
-4.100850823478248697e-01
-1.099229026926116903e+00
6.671047630297008979e-01
5.149149093267446631e-02
-4.154841294230049442e-01
2.587617712584529883e+00
1.126073087234676251e+00
1.265588355437650137e+00
3.654635970513453458e-02
1.432996716698500705e+00
5.698831838691358342e-01
8.489604442284939267e-01
8.959782562170479636e-01
1.608191907158583511e+00
-1.098330510593569009e+00
-1.136818125826307257e+00
8.299373721731262421e-01
3.907489209370724748e-01
-6.457729172146930985e-01
-4.969862419794082165e-01
4.575331445682890852e-01
-3.212341826456657223e-01
1.488064866123596675e+00
5.106053175220996998e-01
-1.899047580468826268e+00
-3.370182015804066289e-01
-4.017345909200833454e-01
9.899105597096311548e-01
1.584839183842712274e-02
-1.466922547169857705e+00
-2.212949020134580280e-01
1.502040413455478118e+00
-2.125884080989453029e-01
-9.492703949316232404e-01
3.051390314477742116e-01
1.627594831775409201e+00
2.780878313449131056e-01
-1.259554775629374346e+00
9.577671503313516244e-01
2.074449467428333804e+00
7.867537768533714448e-01
1.044402984714978500e+00
-5.977614604433381107e-01
-6.201775067371575467e-01
-9.732479268871903066e-01
-5.610502153454708374e-01
-6.984267897160334471e-01
7.733856763049138383e-01
-1.817874808638850759e-01
1.017332251288785683e+00
2.219570704272872952e-01
-1.109981096690892954e-01
-1.734036605939408560e+00
-1.135965320908450149e+00
7.625547358499034090e-01
4.354743676440753219e-02
-1.680786210176368201e-01
1.008071436335997717e-01
-1.156849109849080293e+00
-1.854906861804632712e-01
-8.331065307155485211e-01
-8.179178765226493564e-01
6.713815327905057195e-01
1.207725788435141112e+00
1.104612729390042958e+00
2.032240397476300586e+00
8.222856889328333807e-01
2.784891523817201175e-01
1.122039890788123273e+00
5.220772225523795385e-01
7.013270244478988502e-01
1.391160686549248737e+00
8.135982042983904705e-01
2.535573286370734536e+00
-2.380816846360200856e-01
8.101921065043473646e-01
-2.632906660644911412e-01
-5.653183541770998577e-01
-4.053056929772190231e-01
2.123958304517066242e-01
-1.928013956596138279e+00
-1.137669634513440720e-01
-8.692678288373834050e-01
-7.201131974636512112e-01
7.893947500155182873e-01
1.514240524109158104e+00
-1.837659227412009599e+00
-7.205764193025219200e-01
6.332508815204507258e-02
-1.024777047467706481e-02
5.540777343980842762e-01
4.190633397469656352e-02
-9.554193459515607501e-01
2.389199529028434021e-01
-1.309192661276624037e+00
-5.045907695391966818e-01
1.053955226453031857e+00
-4.834917796543132251e-01
9.960415773321382726e-01
7.073509749155715287e-01
2.128577289299328212e-01
7.168459015180851379e-01
1.494294684778304516e-01
6.405604175536191436e-01
5.930763665117487760e-01
-1.371740982417779975e+00
4.879639630728259680e-01
-1.312140605216144618e+00
5.209663154055372836e-01
9.220260949717137278e-01
-2.168383171696075529e-01
-1.214072679494015539e+00
-1.647181707939965101e+00
6.152061926078935539e-01
-1.878264303469069141e+00
1.031687992421153055e-01
-7.029173900138978581e-01
-3.507268727008931997e-01
-5.990421156675820313e-01
-4.466459869058314602e-01
1.456311992520251009e+00
7.302077606161334611e-01
9.352979410396570215e-01
8.094096659464435906e-01
-2.896946817084256054e-02
-4.975009474676248544e-01
1.154191386879428904e+00
-1.472579353563208571e+00
2.836842313913098934e+00
1.615026929353270191e+00
2.071695931312305561e+00
1.623187735074580473e+00
6.032396563109472254e-01
-5.829290628025134424e-01
1.944334255243113319e+00
-4.840969002416990463e-01
1.703923081654465932e-01
8.000980930573309280e-01
2.461386771743647728e-01
1.022479521395425195e-01
1.859614983017027656e+00
-4.936294667790361856e-01
8.727936735013391845e-01
2.067233440188918081e-01
8.219723216129670718e-01
-8.271594579964425265e-02
-1.369141264720152407e+00
-5.583215427586418755e-01
2.153582384147978424e-01
-3.060084437319861017e-01
-5.023650529359771078e-01
-3.065493742434585833e+00
6.679363799835327242e-01
-4.607127207467689445e-01
4.618292453305703482e-01
4.355817937789869809e-01
3.681632283230493741e-01
1.144408949042561963e+00
1.055080143252562497e+00
7.753789447055985384e-01
-2.104162157604468675e+00
-7.145010766559554138e-01
8.434637915392553253e-01
3.328486300471682480e-01
-7.453779317754232192e-01
5.155751819009658510e-01
1.554565670871637106e-01
-6.032731387403618140e-01
2.916030070497570570e-01
-4.833344548513753836e-01
2.972902291880930026e-01
8.125072344156361037e-01
-1.784033896127361629e-01
-8.789130583662663199e-01
1.963909804519124336e+00
-7.714595674019815164e-01
4.437821947025475389e-01
2.945752950362789946e-02
1.306249017627679088e+00
-6.294331962817811821e-01
-1.313100373473679028e-01
1.185237845473801510e+00
-4.950019827248204329e-01
-1.051264929283253657e+00
6.887344219393126687e-02
4.072661000666539799e-01
9.759285381383246971e-01
2.254172197059267191e+00
6.254293819922018827e-01
5.425304921758566934e-02
1.412992761119070906e+00
2.230703491648725389e+00
-3.921885174778054761e-01
2.169933518607081169e-02
-1.472480964584704566e+00
2.080087198038071961e+00
1.599025082592568481e+00
2.826084665642994764e+00
2.317552318959982927e+00
8.906630477775649979e-01
-1.229911186543654722e+00
4.293119294384872831e-01
-1.945651948163806821e-01
3.863944645919684118e-01
1.498873393170845114e+00
3.448006531731849122e+00
2.098357024277200278e+00
1.203511227223097224e+00
-9.289321125584759642e-01
-1.420893635115571207e+00
-1.103754192404953649e+00
3.965533519867943113e-01
-7.626289148432396914e-01
1.330198141583445404e+00
-7.372324280915645289e-01
6.000079159726914302e-01
-6.535376287072782731e-01
3.718395827691847177e-01
4.016516385862374250e-01
-4.856400427656579755e-01
-1.217276470624758744e+00
-8.708710258596368270e-01
1.152218153421283642e+00
3.130936424381829397e-01
-8.642701356055380035e-01
9.464581322293349475e-01
-9.899579524996036106e-01
-6.744525794086673187e-01
4.740154731343769745e-01
-1.668968980137335301e+00
-1.122754736198603442e+00
-1.790122742354223195e-01
4.223713838357225914e-01
-1.150680037650330334e+00
-1.849475414211263491e+00
1.427549083396564278e-01
-2.770066245065674337e-01
-8.058494763173476017e-01
2.613695061863210434e-01
1.481625243061479580e-02
7.462100588498175036e-01
-4.404913644053753963e-01
-2.189473432819671217e+00
1.507250798075906895e+00
-1.751410179493384955e+00
-8.021420968145953623e-02
-2.059935640955166125e-01
7.548721540798135621e-01
1.005552081592853142e-01
3.945484644153616216e-01
1.547908592527967642e+00
3.376912308666653928e+00
6.566779133876821106e-02
3.811013269255454361e-01
6.757901033385422807e-01
1.484345243992848395e+00
1.114850099829538976e+00
-4.680490423996275240e-01
1.664735652842324498e+00
1.993039865843122982e+00
8.198586497102837711e-01
-3.368100870242223266e-01
2.566787638089998325e+00
1.148413200335035356e+00
3.287773110603753324e-01
-5.225772035182918440e-01
-7.367062193969766692e-01
1.721343986985701680e-01
-1.349113640834142203e+00
5.442049237112382976e-01
-6.651246067271343598e-01
9.881407252654343942e-01
1.461803068866291966e-01
-1.808778613444699257e+00
1.523186117479955692e+00
-1.225020349086155758e+00
-1.071957256246338197e+00
-3.132012124757368454e-01
-1.117740820578631666e+00
2.465011979665483466e-01
-1.470080669487403124e+00
7.690308867781746605e-01
5.577476469515499913e-01
-7.369331436238359956e-01
8.589698722490601845e-01
1.491959388491310712e+00
-8.870826478387123792e-01
3.994402280131703620e-03
-1.503530352726692110e+00
9.219221682105482873e-01
1.809763698944477639e+00
1.881900488206873501e+00
5.224403574709592935e-01
-5.286766610573963021e-01
-2.772615612014239783e+00
-3.219188119689222471e-01
6.728228897594812352e-01
-4.549360149811576548e-01
-9.194584535567962291e-01
1.129630922671982285e+00
-1.017888865390139230e+00
-1.478491329795793341e+00
-7.452898557287994663e-01
1.064648198642453192e+00
7.713324430448218472e-01
-1.096649652306534772e+00
-1.637970903952874924e+00
-1.496105197289713917e+00
2.130981895725973629e+00
5.572864269466819565e-01
-3.968267363073980647e-01
2.022949904749754779e+00
1.983306122219815393e+00
3.970003648193980439e-01
1.531327376986538980e+00
8.285046108422164934e-01
2.079837349465279317e+00
4.597496352394045971e+00
2.807888567938533697e+00
2.745195480341038774e+00
1.386924740123731681e+00
7.267781841352132233e-01
5.298286508444292053e-01
-4.386884938594661776e-01
9.902499110815696781e-01
-1.053423200130474413e+00
8.767511457259464791e-01
1.002095277104971593e+00
-7.144593954559257387e-01
-4.719256901263042536e-01
-8.792343365046617620e-02
7.674927144704497550e-01
-1.166450409313662284e+00
6.351626146861688582e-02
-5.550158978660841846e-01
-2.458205231612100583e+00
-1.963396348842830985e+00
-1.939647397121323724e+00
5.743227157872787814e-03
1.041342927651182970e+00
-1.080433614415480470e+00
-1.062230167802264313e+00
4.081543169646957292e-01
8.554206293796094984e-01
-3.525738573663104169e-01
1.968358244564418769e-01
-1.707588627563039196e-03
-1.024815411827384004e+00
-2.441253599265120755e-01
-7.710473028151265673e-02
1.230247966806848225e+00
4.710746026115333329e-01
-2.015142613576648145e-01
-1.078676708202293222e+00
3.938959698791579811e-01
-1.519387076609105325e+00
-1.982598024897217481e+00
6.870583707550423913e-01
-1.105911602397318116e+00
4.381903509048110656e-01
3.481222971061206373e-01
8.248439555383515476e-01
-5.012406582017634449e-01
4.474340734690520627e-01
1.563607605018235702e-01
2.046860234676855406e+00
7.211549410417004147e-01
-6.465040294264485787e-01
-7.254394562922563683e-01
2.629283363014992547e-01
9.994791693479849748e-01
3.436413062098715443e-01
1.631982348034650698e-01
2.939240657215549390e+00
1.416390251773776754e+00
-5.094017822358551939e-01
-9.135531014049433907e-01
2.419239158926743016e+00
2.084708506211285339e+00
2.923340524758430092e+00
2.592242647960375734e+00
3.595499949616765889e+00
3.341296314784514720e+00
4.964316813045002164e-01
1.266995605675980130e+00
1.775647290592019090e+00
2.051833765826785339e+00
2.832722011666078288e+00
1.006031700369026893e+00
-4.188460320740143850e-01
-2.296509763295835338e-01
-8.377294369369607807e-01
6.374405706459416177e-01
-1.236333705637600033e-01
-1.946964087573668234e+00
3.524549180744811494e-01
2.509007490596384393e-01
1.274523571621188456e+00
-1.557694518050740662e-01
-2.328512211335542759e-01
3.991787317484956077e-01
8.976982363452457037e-01
-6.035998280960430673e-01
-1.732512996815221751e+00
8.091672537679689414e-01
-1.604066630543728333e+00
9.876954308203744759e-02
5.979311515067343707e-01
9.501421776091589777e-02
1.045844007090040106e+00
-2.608430895296804941e-01
-3.856224824122185257e-01
-2.551793989645434468e-01
-7.830290335574621174e-01
1.045211980510019956e+00
-5.262033242420871559e-02
3.713314996050320893e-01
-1.569015119476935283e-02
1.908983518250362943e+00
7.099017890891463622e-01
-9.039137752919135238e-02
1.713628688170379943e+00
-1.115309491047589141e-01
2.554581661864707698e-01
-4.142296519323598325e-01
2.916323875143245203e-02
-1.124267049661876960e+00
1.203106210160601597e+00
7.508333539655902555e-01
6.781609813766722450e-01
6.119090559525626194e-01
6.936360145497781904e-01
8.253971926892846867e-01
-3.178456307922239432e-02
1.359426677338699818e-01
-9.373445210439790287e-01
1.877703264360050639e+00
6.854919552886258316e-01
4.751738477999225552e-01
3.186958070223852246e+00
5.480773470321366858e+00
-2.129361706882718863e+00
-1.583194522007005389e+00
2.457093216420219051e+00
2.568647865802148544e+00
-5.950227028691301712e-01
-1.217153861513779134e+00
-2.573514247850567926e-01
2.490124246795641483e+00
-1.801214677534179742e-01
-1.205202360138413198e-01
-1.050157173449333126e+00
1.322554799325841968e+00
-1.160986599581778744e+00
-6.281067317319286580e-01
-2.496561505463852804e+00
2.182505150421341078e-01
-6.731611105555481700e-01
-2.000664578313791075e-01
2.712421755573295012e+00
-1.086204453506709466e+00
1.546868401279879901e+00
-2.074303026276713702e-01
1.593919949759501353e+00
-8.198583106265058262e-01
2.338257544657104781e+00
-1.579851432392180843e+00
1.072314270251163215e+00
6.927037721164969186e-01
-5.176379958032217843e-01
4.799570741833160126e-01
2.066236170269970529e+00
-3.358511251756013394e-03
1.127851815964084237e+00
7.816042682389392482e-01
-1.296812767828774637e+00
-1.119032849861264722e+00
4.773805049474196815e-01
-1.365361613540990060e+00
-6.333849101424442463e-01
-6.407964838303081834e-02
-1.216353220750800102e+00
1.052640627343155444e+00
1.713146499221958052e-01
-6.661368096121731419e-01
-7.769838904596859663e-02
-6.624337467887855269e-01
-7.083306948455891927e-02
1.557626924828215076e+00
-2.343667183757750738e+00
-1.963966598885343640e+00
-3.102401771894607307e-01
5.564226459633883071e-01
-7.927360407799452502e-02
8.251166494851722710e-01
4.272416175100479663e-01
-1.105848165345975076e-01
1.087763587528435494e+00
2.143484963447328084e+00
1.466656291150798097e+00
9.939945810587005326e-01
1.734985889457362873e+00
2.770725804482822241e+00
-2.068046603248490101e-01
-4.797943896029721600e-01
2.026061162043731656e+00
4.520953195394753266e+00
1.803353310962634737e+00
1.252208413982558000e+00
2.508925910150779259e+00
1.541271990733598329e+00
-2.061508753805370020e-01
-2.412336428076180539e-01
-1.898700614143849608e+00
-2.893601484231148047e-01
6.044408176102401553e-01
-7.889775347962495466e-01
-7.119664309329443164e-01
1.346864189812384538e-01
-7.490607541875355935e-01
-1.466185720583784935e+00
-8.617989394784939527e-01
3.476760025773093510e-01
-1.134709324619623150e+00
3.457136391940331954e-01
2.307589333771102869e-01
9.737854193476067621e-01
3.356623022920190991e-02
9.398880641151373672e-01
-5.835301869749118797e-01
9.549530702254728221e-01
3.519223493710786910e-01
-1.659645233280328647e+00
1.088812209420538801e+00
-1.595836148667229004e-01
-1.064105268052303321e+00
5.867497217919392938e-01
4.297890682548932695e-01
2.970245101472188676e-01
-5.233330249249747990e-01
6.165066166489853172e-01
-1.388763499456806549e+00
-6.884016494934936947e-01
1.690406376026516444e+00
-4.473710107388852997e-01
1.174122002498811046e+00
1.982644426433428642e-01
-6.723487988501588575e-01
-4.517038208424151158e-01
-1.799408764781409431e-01
-6.732356038329982972e-01
1.300135033823735631e+00
-1.066605041976448121e+00
-1.218322587095343135e+00
3.690615286691178998e-01
4.721370807401242264e-01
1.538270142621696923e+00
-2.091191157859089600e+00
7.129387203717314492e-01
1.545002723671519362e+00
2.964586372603221776e-01
3.537991232556478849e-01
1.534395053400672282e+00
2.554361315743648220e+00
3.363907228575101271e+00
1.469117964540828325e+00
3.518610534138304047e+00
3.019649917004812778e+00
3.196901555068322409e+00
1.313708292513808829e+00
-3.908909975872845166e-01
1.915297368296904779e+00
1.135423844716758168e+00
8.474763420758240073e-01
5.695764822109818937e-01
-3.352489447679340984e-02
-4.042845865959762142e-01
-9.052405210454570472e-01
-1.897198339183791660e+00
5.494182824382982666e-01
-2.142802477542163686e+00
1.575096523085017575e+00
-7.968153543907856573e-01
-3.627314611412510992e-01
-5.620584466870699458e-01
2.482725323306000931e-01
-1.136960894886085427e-01
-1.480407800100901117e+00
-2.393606631671949536e+00
-2.993113632344686081e-01
-1.951911977472080562e-01
1.423559270836910251e+00
-4.655199979945796596e-01
2.400165354648946536e-01
5.879214310285794109e-01
-1.444538982527286741e+00
7.135423105875003946e-01
-1.611675182545542206e-01
-1.234727814362141185e+00
-1.524028931244854057e-01
-5.253073895623030509e-01
2.200488730065180754e+00
-3.409667019985453962e-01
6.269676645000497039e-01
1.110886734131649289e+00
1.320098821988384241e+00
-1.563016957087361991e+00
-7.588173607101609264e-01
-1.798377056108400041e+00
-1.950766725952663982e-01
7.216852214431277446e-01
1.473206598682250679e-01
-1.247453430485659709e+00
1.652227556729283231e+00
-7.838823374507324360e-01
1.274778974716391122e+00
-9.491311555602477412e-02
9.901586561705510992e-01
9.584454866020712949e-01
3.723371556947599359e+00
8.675336400490092359e-01
3.618624050830838712e-01
2.472524470140790243e+00
8.197032660393972492e-01
5.282145693804807252e-01
8.004783894778881859e-01
1.894792951250494184e+00
3.383020867786797226e+00
3.831265796632578713e+00
8.812984409726425383e-01
1.720514947701502706e+00
3.247540920696678768e-02
3.531545229741226422e-01
-1.888549340073872429e+00
1.273893456329819429e+00
1.637527116924966109e+00
4.764872183644115466e-01
2.316384510139752884e-01
-4.064468575000951267e-02
5.796887836885360468e-01
6.021819302611104430e-01
1.318424965348801159e-01
-1.838379515848758139e-01
-1.641332569209137393e+00
5.020204480346093234e-01
-1.499738968104337822e+00
-6.826763533086341873e-01
-1.153522872614998640e+00
4.425595508712429904e-01
-1.373436570772805787e+00
-2.842118617530982050e-01
4.006262461907807992e-01
9.652240942823736569e-01
-7.158144113111306606e-01
9.751743197921558526e-02
-7.076412540190051281e-01
-1.273625587467905218e+00
7.732490878349274066e-01
3.865899190007633379e-01
8.735938508340466147e-01
-6.762984107784177912e-01
1.027556087274371865e+00
-1.205559260460635773e+00
2.932601869084119350e-01
3.427777786683772199e-01
-1.766963276658008120e+00
7.233566650807912168e-01
1.549533559687844120e+00
1.163291960970129990e+00
-1.299491755402275572e-01
1.778595034601280211e-01
-4.537506981567873687e-01
-1.037732677537160697e+00
-7.931394972940206678e-01
2.019174651938753229e-01
-3.923034204168409644e-01
1.975305905113243110e+00
2.676637177608873763e-01
2.780555134576290222e-01
-2.834433010251007357e-01
6.703972742910124794e-03
-6.513414244135944386e-01
1.804620315513027151e+00
-2.226833373676946337e-01
6.546997183293505884e-01
4.946426522305955586e-01
2.689254470380191719e+00
1.840444533045186404e+00
6.755115983093986642e-01
8.973860859273798951e-01
1.384024227885944924e+00
5.533460272941681524e-01
3.493513475737870522e-01
2.127547442367429653e+00
1.779875272612883919e+00
1.585076740011849949e+00
2.098167450912349352e+00
-5.658259172788042690e-01
8.410022521591518085e-01
1.207533637646653890e+00
1.379048332457481152e+00
5.165424709738131170e-03
-2.829576392606405477e-01
5.440740496019365047e-01
-9.559797790610069512e-01
-2.473487013115329702e+00
2.666523653847847619e-01
-5.486892909244502903e-01
-4.038785315221691263e-01
-2.822453948868273166e-01
8.234528186561940188e-02
4.079475698769030600e-01
-1.095836316000237787e+00
-3.838489499329329480e-01
-9.480184732524188362e-01
4.096298950103771652e-02
-1.107474698964801441e+00
-1.150788074414262230e+00
-4.832813033254184099e-01
-1.319258542164458703e-02
-9.734164809529444184e-01
-1.921816752743388257e-01
-5.007942926220037005e-01
7.131031998819088447e-01
6.298038366888092376e-01
1.207206656759451713e+00
-1.651633174025298967e+00
-1.473057727849921061e+00
1.907697744975986209e+00
-6.967579879592293857e-01
1.606976863778264430e-02
5.420104346855847410e-01
-1.814343067514081476e-01
-1.601936909087799954e+00
-1.993757508792630695e-01
-6.363652659271639145e-01
1.791085560385890618e+00
1.465769002986976544e+00
1.596556400793192054e-01
-7.813601044814020291e-01
-4.893505282455246075e-02
1.410682860191190269e-01
-1.086341325225435028e+00
1.069525731063335705e+00
1.613633708974839820e-01
-8.545247896616530170e-01
-1.932378664719749395e-01
2.129227011670693059e+00
1.058716545944804466e+00
2.575699775397829683e+00
4.729066475076493248e-01
7.980792513218801787e-01
-1.309777005349431533e+00
1.378805124878915933e+00
-3.756893630031612474e-01
2.747796080944979735e-01
1.499696875368858429e+00
2.516272851853035064e+00
4.168590762330506294e-01
3.093584069979176121e-01
1.302141988030208530e+00
1.197000547402665704e-01
-2.344195990370003813e-01
-3.323275154122464770e-01
-9.104818317450198428e-01
2.563301685835264188e-01
-4.399818194708462471e-01
-5.420777308862501087e-02
1.402828856355697429e+00
-1.007041060194117765e+00
-6.726978228459850051e-01
3.356829649376256164e-01
3.299623894592458306e-01
1.748408956495239863e-01
1.716598329917592869e+00
-9.979020062471004593e-01
-2.852885402164448969e-01
-6.383593900737265514e-01
-8.563175144932904104e-01
-4.151209863148352941e-01
1.863367688669824052e+00
-7.845766577442840894e-01
4.070661591384279188e-01
-1.291089385122964561e+00
-8.920522762871669897e-01
8.683062919330297724e-01
-5.865539271547988154e-01
-3.561879296445531473e-01
-6.265640884739109850e-01
1.075034820979444250e+00
-1.827374972267895581e+00
1.600920186853980187e-01
-7.423497978055699775e-01
4.060858564843083940e-01
-1.723162914236363363e+00
1.688997506017692052e+00
-5.331875014484008801e-01
1.899497632972851457e+00
-8.280319964037685665e-01
-1.119662746378747631e+00
1.206317251082418274e-01
-1.185388887562293103e+00
1.308361108096693926e-01
3.023099412709231437e-01
3.448137797917432135e-01
1.186945741016685041e-01
1.158431507671009442e-01
-4.140212261286269069e-01
-1.025165458723726886e-01
2.415706686418921834e+00
-1.088508704421322193e+00
1.864426258525639923e-01
1.494069490291622060e+00
1.589900664177932299e+00
6.867513737166888177e-01
1.589527388045993916e+00
1.032296476929310813e+00
2.066420965794211639e+00
1.269745449752999633e+00
7.145671437458211983e-02
-1.935990056133417347e+00
5.396355791882756492e-01
2.035722199540860089e+00
3.785811073793960979e-01
-4.747358299788773106e-01
1.438966623776107845e+00
-7.234275668089917843e-02
1.524848118085766702e+00
9.435213531934660836e-02
5.112916373550282501e-01
1.505070082096674255e+00
6.456276526349156164e-01
2.351423908203650548e+00
-1.324157184289911804e+00
-1.345195761600354700e+00
1.138216553231957473e+00
-5.519096828166996094e-01
-1.466871840139605254e-03
9.277762870188285271e-01
2.487629877517096855e-01
-1.099799843005058175e-01
4.048876059275420269e-01
-1.031975036859377415e+00
-7.176392075606874421e-02
1.230875993956231040e+00
3.214929774132012641e-01
2.664157474783737101e+00
1.184549733941559158e+00
1.717234973709738322e+00
1.878099799743035980e-01
-1.268371134614155959e+00
-7.158512523351725498e-01
1.465031053732784194e+00
-1.059581966876586234e+00
8.237881214794782192e-01
5.352075693496445297e-01
-1.080725088242099119e+00
8.691663967350460318e-01
-1.327570390619770890e+00
4.656601317999209400e-02
-1.034096908612731180e+00
1.105413686711647081e-01
-2.976068610717863550e-01
-1.662974480393194732e+00
8.819236153057947725e-01
9.238331188688548856e-01
2.928691861068102309e-01
-3.989444786137900656e-01
-1.866022207817586542e+00
-7.088281042930049125e-01
6.376156005347031197e-01
6.807563328978005757e-01
7.439019526494377033e-01
1.147000272170437540e+00
2.305598959538279757e+00
2.169388698482784150e+00
-3.999764256926283679e-01
1.199223349151644413e+00
-9.620650137261286261e-01
2.838433539907651237e+00
2.147297110383219021e+00
1.585742605276090345e+00
4.274528034513158659e-01
7.133538780483175135e-01
-4.697493232287264231e-01
8.344391757583520253e-01
-5.767771836333435154e-01
-1.783299619691405713e+00
6.976686891427381632e-01
1.421792701107655210e+00
3.926448780595839239e-01
-2.841222477672653124e+00
8.043768524753494020e-01
2.169056089211565563e+00
-2.174617908458647442e+00
1.472725682331867958e+00
1.005223545528998397e+00
-1.041491158400260186e+00
-6.789757913117102639e-01
-2.375464295230781175e+00
2.423617630465925821e+00
-1.195065267468661041e+00
-9.801838066377799308e-03
-4.020087624657049385e-01
2.640988553840989406e-01
4.793764339023165455e-02
-1.425865532081360687e+00
-2.790087661036710909e-02
-2.201698604081570032e-02
-4.042460104719118874e-01
2.655362957912610344e-01
-7.765510835296947079e-01
-1.241272423168794159e+00
-3.847692211983668731e-01
-7.074227710172773520e-01
-1.357588358848353716e+00
6.481900937706834842e-01
-4.041001954359941806e-01
4.056479901545602118e-01
-4.487216106054776610e-01
3.074044491884229124e-01
5.007209650568600345e-01
-8.762193431588771730e-02
-1.387320137964558331e+00
-4.757848322483382297e-01
-1.204579665878531713e+00
2.957998067991218782e-01
-6.015550072733004683e-01
-8.930549385936745743e-01
4.547521550267418222e-01
8.523489467703105893e-01
-1.142432149665125740e+00
1.314615433504577879e-01
8.493278840635118954e-01
4.338962713296847795e-01
2.556639880871371062e+00
5.839121425943201160e-01
1.539103557317783810e+00
-2.673406438317016409e-01
1.691200121915183985e-01
1.152993182870563516e+00
1.167754350013964881e+00
5.975510826870875647e-01
2.293858776176005421e+00
-5.226764528350358319e-01
-6.788543468300113348e-01
8.597876011398746243e-01
-1.027232709118658605e+00
1.998163685272469792e+00
-7.747545267145969916e-01
-5.114423257572968673e-01
9.388753621188667964e-01
-9.558109598362682924e-01
7.840022916711002487e-01
6.570324039075146061e-01
-1.192864327375385169e+00
7.308770487047444586e-01
2.521313884462830224e-01
-6.336336419972288247e-01
-6.980953773599241075e-01
-3.945987785993576580e-02
1.925930691749562218e-01
-8.706655529079263545e-01
2.775046808349670435e-01
-1.567014361990231031e-01
-8.687720098430560256e-01
-1.043416143134879848e+00
-5.859337978466521157e-01
-8.248066253241792545e-01
1.053068067071283753e+00
-1.158591570300561813e+00
1.083283700567650998e-01
4.923069079042401430e-01
-1.000996376756160711e+00
3.320859979411296958e-01
-5.249097509720899168e-01
-9.307831155322716654e-01
-1.515360686237398724e+00
-1.012226486141561521e+00
1.643851077316193843e+00
-1.652992047599205261e+00
-7.466909608216316663e-01
-1.261396491161516309e+00
6.406629173397706545e-01
-1.053840054572468876e+00
-5.950104680612260388e-01
5.561981636892712189e-01
7.512161408483515324e-01
-1.282853615465803454e+00
-3.858279888416822345e-01
1.893438299627070442e-01
-1.813300264645456572e-01
1.734584184166577447e+00
1.220097752179132300e+00
1.344766673385839661e+00
-1.928449233416913877e+00
-9.229014931064138949e-02
1.553730580722287868e-01
-5.801636502564395670e-01
-2.210121578356831762e-01
1.293828597076634779e+00
-8.950636944349623647e-01
1.554365186928592379e+00
1.902534094476832749e+00
1.092537090888900941e-01
1.772960614968485782e+00
1.492003946599156139e+00
-9.543350029665287337e-02
-6.078524098239221907e-01
6.304575733648887237e-01
-8.861837356710098312e-01
-3.890578368087305172e-01
1.002390840651930404e+00
-1.191400381724465163e+00
-8.599092144468927223e-01
7.334675348522501359e-01
-1.965106723821047563e+00
8.192731356503990536e-01
-1.925294659376364237e-01
-2.325599380730638543e-01
-2.274958012922629891e-01
-4.517077041440229479e-01
-1.113205891511672707e-01
-5.110377513377193370e-01
-8.309340954233714882e-01
9.727458218664624123e-01
-3.553661430805976629e-02
4.287839461597936497e-01
5.402668278495964538e-01
-1.947662126401719096e-01
-3.781059789023917261e-01
4.122494627591655192e-01
-3.243325179504477074e-01
4.947119068722770630e-01
-1.116326668335866135e+00
-1.701174127042515138e-03
8.435376204844402537e-02
1.339617111698206964e+00
1.702690267416000491e+00
-2.783498411870226619e-01
-7.311400143991746425e-01
-1.112945746008869641e+00
-6.522956427881285713e-01
-8.529174660339178260e-02
-1.346305789599884228e+00
-5.901824013763228294e-01
4.239441982211160642e-01
1.282654171711615332e+00
8.245839166331512260e-01
-8.066169031184906579e-01
-2.183308632875054833e+00
-5.912765451726569310e-01
1.534667497184574181e-01
-1.397236112104498496e-01
-7.768508584412057161e-01
-7.010507067332816256e-01
3.570529914225528678e-01
1.368742795802195156e+00
6.931161680869228903e-01
-2.040454857769534946e+00
-6.224520543298908137e-01
-8.216253464283505004e-01
-6.549653289992121152e-01
1.593706437569326617e+00
4.946630520211257043e-01
6.475714643690455574e-02
-1.669727671200961494e-01
-2.021029639770097752e+00
-4.685896437660308500e-01
-8.163740425859127292e-01
-3.851030690936152467e-01
-1.019806005526942894e+00
4.455203653142216780e-01
-5.303444894980051671e-01
6.414900757529418129e-02
4.087160413727723984e-01
-1.191487678826494978e-01
-1.042834532940051240e-01
7.937308951641834920e-01
8.251333221796217643e-01
-1.355445623414893497e+00
-1.351329484870737119e+00
1.289839226395215199e+00
-3.377557596925750971e-01
1.150515579370021690e-01
1.841515021462913904e-01
-2.830558275327554885e-01
9.608199205652745434e-02
-4.226595365707890295e-01
1.051118103702695539e+00
5.462272374306917921e-01
-7.791433784397288065e-01
6.449672773974777229e-01
-1.329732289564107495e+00
-1.186323118836996704e+00
-1.224679926578014388e+00
-2.318791933525301552e-01
4.699395987560818222e-01
8.921102981247901464e-01
-6.118601874702751520e-01
-8.481610110632467059e-01
1.256053431635431039e-01
5.845143161740813387e-01
-1.201825608088447073e+00
-4.856753746704338681e-01
-6.051438376828421895e-04
-5.375844915430083581e-01
-3.415144444619691022e-01
-6.409761854982791718e-01
1.504356164919455452e+00
-1.965385554813520841e+00
-5.881946014521810540e-02
1.604833945315616628e+00
-5.360110907157009663e-01
1.185791674195968426e-02
-2.216453430178944473e+00
-1.813054365106905763e+00
-1.647491907343308082e+00
1.420682555080320153e+00
6.646633151792615823e-01
-5.852207681883495605e-01
2.443398336365693591e-01
1.924282426622015096e+00
-8.245731694521887256e-01
5.146260738344355934e-01
8.234776727168510169e-01
-1.259859510771136781e+00
-1.311629557653696265e+00
2.094249244890202810e-01
4.312226140073154301e-01
-1.633498557786767336e+00
8.560717061930469551e-01
-6.460218169907125940e-01
-2.054336523563420336e+00
2.061768784574358193e-02
1.102918345716688009e+00
-4.392166758997224640e-01
1.248337923735599375e+00
6.101846267187962525e-01
-1.481827858821159083e+00
-9.565411655941984392e-01
-1.421093948483580505e-01
1.110166478960313174e+00
4.361935847148050716e-01
-1.462384498052999415e+00
1.323001422244036274e+00
1.431527113707757870e-01
8.232737379601084982e-01
-6.236892751158296111e-01
-1.045866424315407439e+00
-1.003462849248043076e+00
1.061263033687647406e+00
-2.051751145293923884e+00
3.421146863128443627e-03
-5.984630845722392900e-01
-4.664645014523931543e-01
-5.934162389902333246e-01
-3.004203389613799846e-01
2.180949501306806981e-01
-7.449047614123982530e-01
-9.715262194708156329e-01
-1.524655124994432009e+00
-1.115459772778955250e+00
1.295878165287450479e+00
-5.024378176769910276e-01
-1.645290954471885669e+00
-9.529701739639724334e-01
2.297327116441578720e-01
-1.986496561569328634e-01
-3.011087331886486140e-02
-4.616187003956109258e-01
1.207958935945305567e+00
-8.486821531146402364e-01
-9.493723262617828063e-01
-2.017807567749088538e+00
-3.302816400830717036e-01
-5.210409032625435977e-01
3.489183580906312088e-01
-7.496275483273473483e-01
-1.351172887963302038e+00
-2.150453596773936216e+00
2.692546181597426980e+00
2.446471403982297677e-01
1.933673964268674661e+00
3.143531669514221250e-01
-1.552206874938961034e+00
9.045959500570366352e-01
-5.265579737227952251e-01
1.086382486587893936e+00
8.732669535318073883e-01
4.855740547135856122e-01
1.511012216141445208e-01
-4.165281794906303681e-01
1.620258047835738680e+00
-3.449236659053092069e-01
-1.425374790708866968e+00
-1.454484137463204263e+00
-3.083848443001580009e-02
-9.800307423945757712e-01
-1.755475495828669352e+00
-4.665013238716064770e-01
5.260721911158654507e-01
8.630631076236334742e-01
-1.686907690197783083e-01
-8.083326088367259743e-01
-5.657873842725109625e-01
-1.542988992829855022e+00
1.669043418279632096e-01
-8.177878478867146583e-01
-6.778877997890258023e-01
-5.112354582629412558e-01
-3.052669252543300793e-01
3.436685328146504848e-01
-7.667831253046220041e-02
1.197534091000623357e+00
-4.084784534538424827e-01
5.301834324353108530e-01
-1.141664504261626023e+00
-1.221203613220516626e+00
-1.933890792503952349e+00
-5.588095912997603776e-01
-8.318198883013216971e-02
-2.866331386338407672e-01
3.195866595288194834e-01
2.374644913238452837e-01
-1.111249856686113757e+00
1.561825153863954485e+00
1.018915139350078602e+00
6.447428386264850708e-01
-4.477282856589908100e-01
1.366042154416459375e+00
5.887631164522981742e-01
1.061479213357303664e+00
-8.600468702437233937e-01
1.087450905670104939e+00
-3.299058864343713537e-01
-8.651778184843741393e-01
-1.172048874101604632e+00
-8.953446733898648979e-01
-1.789627264204357360e+00
-7.951463655659409824e-01
-1.149144685493874718e+00
7.097530673916270239e-01
1.342310062058762465e+00
-7.022590494990419430e-01
-3.015298311292431421e-01
-1.089844912691653178e+00
8.837566519752726446e-01
-1.522167930899400723e+00
1.208539956983656571e+00
4.708863617794816214e-01
-2.096658466849065316e+00
-7.479780225257783854e-01
-6.133367873955495320e-01
3.174754729827982125e-01
1.034581712674077725e+00
-2.657117555766514982e-01
-7.596148758729963646e-01
-2.767579469938172831e+00
-7.719162047849823516e-01
9.703767997108265764e-01
-8.689635341825034942e-01
4.706527779211797657e-01
2.755181985152916901e-01
-1.629715075874917041e+00
-3.209674772633985818e-01
7.707690939914606520e-01
4.182288769590585265e-01
5.823582897288410720e-01
1.218555567207735280e-03
-9.764314852795794586e-01
4.342849158576279622e-01
1.515756112124337918e-01
-3.121676270751141402e-01
-1.566452544873427666e+00
5.574899801250587927e-04
-8.758291159779569846e-01
1.600407124548461901e+00
4.409666990502399964e-01
1.792280924944505305e+00
8.871322747887966376e-02
-3.044574330206002433e-01
-6.086736836660200378e-01
-6.008275201975521451e-01
-4.241220248822874517e-01
1.366924877625067314e+00
-1.188950654311140998e+00
6.808340236266365864e-01
-1.541818610671494838e-01
1.441872297167870354e+00
-1.421497603799638965e+00
2.454980674790325779e-01
-1.098356683933456424e+00
-6.119800230915890538e-01
-1.232951242120439161e-01
-5.979289033371837370e-01
2.520769877604691622e-01
-1.082299334985497019e-01
1.882983268797557841e-01
-1.602084800827038968e+00
-5.110441569255748107e-01
-6.908034853610658388e-01
-2.097004083798301721e-01
-2.467399257671831769e-01
6.264708648209587061e-01
-6.382944265589829413e-02
1.029470710879865525e+00
9.752152970916312391e-01
-1.595255776912641643e+00
-1.341128326224317213e+00
-9.979719436751905981e-01
-1.052823682946346651e-02
-1.398740809035547095e+00
4.024750142328326064e-02
1.925469030095752210e-01
-3.454114992043595400e-01
-6.154032003310523358e-01
1.463476620851567933e+00
-4.573272039214928419e-01
5.374638937176885456e-01
-7.001643583585743791e-01
1.064424716997711906e+00
-2.040593551268498285e+00
-6.289092638372419941e-01
-1.024713389783316053e-01
-2.087307885211422853e+00
3.007594872202964176e+00
-2.948339263408898958e-01
2.150552926819285560e+00
5.943261764500460398e-01
-1.561780495443403360e-01
-1.525606881810120719e+00
-5.713334814250283777e-01
2.043208776501517221e-01
-2.059811465551560694e+00
-5.969161584659330444e-01
5.594104202066386700e-01
7.623339551268227821e-01
-1.427313218007730811e-01
-1.233795132452807586e+00
-1.350778355198607006e+00
3.560671723864305971e-02
1.370839633193092766e-01
1.768323134676764496e+00
4.327785576714077154e-01
1.430530483177983037e-02
8.042438640831628405e-02
-2.824614019710187662e-01
-6.616863080073072112e-01
9.029336081659269375e-01
-2.220703596858708551e-01
2.092063462257143236e-01
2.808920761320978787e-01
-9.358426691907453243e-01
-1.084687559618233932e+00
-6.207347345926446103e-01
-2.257207969857246699e+00
4.996843136544935060e-01
6.916415078372328828e-01
1.221906892300193226e+00
-1.716829280396270363e+00
1.035733373895654452e+00
-1.625226084175470209e+00
-8.019636766942732642e-01
-3.813568754031830821e-01
-1.867135559907704412e+00
3.535473019110035864e-01
-1.731018466046938542e-01
-2.678693200886894665e-01
-1.671837403350926010e+00
3.099321316246257396e-01
-6.006843525332050682e-01
1.276951553585087717e+00
1.200488511307213235e+00
-3.148870315567813272e-01
-1.025497958796695031e-03
1.001363749312156770e+00
1.141253942623269069e+00
-7.507273983227369385e-02
2.161711511781579276e+00
6.727842487269559690e-01
1.151816519909190539e+00
-6.017628663017262625e-01
-1.561181454629375853e+00
9.631096409390225155e-01
5.067090610445290633e-01
6.205311986666279811e-01
-9.077470522177017997e-01
-6.875011838518543250e-01
1.033977955579732821e+00
-4.707269586021101127e-01
1.491042508064077898e+00
-8.319110769037969533e-01
1.904984716085962759e+00
-1.771775292288688908e+00
-2.470779239799079985e+00
1.803560277905984499e-01
1.797192257704786300e+00
1.004424264816443202e+00
1.095119373445359923e+00
-2.402949429049322516e-01
1.785956708274731852e-01
2.767272436212142583e-01
-1.249371527522186387e+00
1.605043122220048080e+00
-3.971897548891020202e-01
4.463822296359272190e-01
-3.698477931697721210e-01
1.831623503829318267e+00
1.501683574575898072e+00
6.888576606477504471e-01
-4.276626275786308273e-01
-1.316521741848108995e+00
2.582838548522317090e-01
1.085538556531906007e+00
-1.889914076718786085e-01
-1.517689912945767716e+00
1.952892357399998335e+00
-1.326958169582680647e+00
1.511167202005162302e+00
6.730152206724191455e-01
1.578504903881503552e-01
5.222549554514621661e-03
2.889959202365588453e-01
-5.453733188407992039e-01
3.894495861223390420e-01
3.986873906605805651e-01
7.639955325592389102e-01
-1.229848244336439134e+00
7.501340978827242267e-02
-2.981165945157320252e-01
1.751723126194209001e+00
-1.935673770957734074e+00
4.837912472363439242e-01
-7.483038374502806178e-01
-1.227099583281169526e+00
1.137758345341172594e+00
7.775940781773855726e-01
7.124445848180127605e-01
2.037866615653890712e+00
5.204988155595948740e-01
-1.358847079508557876e+00
-1.655141415371050861e-01
-1.157188122742735192e+00
2.070960889094664026e-01
-2.052751074583367696e-01
4.501183437719498137e-01
6.920925324124191924e-01
1.535772619094104563e+00
-6.275196004481107259e-01
6.021506207326916549e-01
-1.182177797187512258e+00
9.972693114970239137e-01
9.219562547121209484e-01
-7.997979554423595427e-01
-3.593549663305228847e-02
1.859217183851698207e+00
-1.470720703880754154e+00
2.886090000845791259e-01
-1.018306893187920670e+00
-8.882589311347126593e-01
8.404793459914143838e-01
5.164731829470849966e-01
1.019808101676323853e+00
1.382658029155360069e+00
-1.296171782238466630e+00
-8.062822222417729279e-01
-9.816794785470728257e-01
1.455002109165971502e-01
1.481226952981617551e+00
9.801329267206049245e-02
-3.832224764172100784e-01
1.109235079376957867e-01
-1.381641140600763817e+00
-8.313494533703229550e-01
2.278878381862647906e-02
-1.142818551328046439e+00
-1.282844925240512080e+00
2.155724436447018277e+00
5.777650695141154369e-01
-1.007165811586358428e+00
-1.006623200100499105e+00
-4.734298379303742976e-01
-9.336759737948208127e-01
-1.274070017224675500e+00
1.546300303234343865e+00
5.343324423367148412e-01
2.659869990852659072e-02
1.026602046515652233e-01
-1.112119992999021534e+00
-8.058536669050524459e-01
5.838852979837216850e-03
-1.044881648871290203e+00
9.119190259485923100e-01
-1.581869994598834595e+00
5.058865127226739311e-01
-7.428749936346221716e-01
1.103401314714028247e+00
3.234232194662376436e-01
-9.179464223713482696e-01
-2.606343348809936344e-01
-3.655649092093371522e-02
6.903391297319863007e-01
-8.407976914180350647e-01
4.884491725577966292e-01
-4.633050443526309792e-01
6.299198622785378010e-01
8.562149444126454512e-01
1.822012784454745793e+00
-9.656849759689363211e-01
-6.808962050146343259e-01
1.892244269403929424e+00
-8.068264364804464961e-01
-5.563949186624950194e-02
-2.641680587261838742e-01
1.060192686798276052e+00
4.429192620162019089e-01
-2.538852285200797976e+00
1.260763896422288033e+00
-1.468777704787441740e+00
1.092385526768471227e-01
3.105306707828302537e-01
4.751146896212443682e-01
1.437801701549910049e+00
-1.746133501798538434e+00
5.849920601776146256e-01
6.741210704970764800e-01
1.712633651981812610e+00
-5.446095495876779324e-01
-8.759832733584704823e-01
-6.590018792466998399e-01
-3.638457800984820079e-01
1.052983833165426431e+00
-1.355899217514175970e-01
-5.241208809256145962e-01
-7.769474289625200036e-02
-7.656966180442765779e-01
-1.045865674029355930e-01
8.836960362111468958e-01
-7.803381609480282144e-01
-1.009045305443529328e+00
6.371047991462472915e-01
-4.049050368738429384e-01
2.595854608833318977e-01
1.371780030894796276e+00
2.042540879619840766e-01
-1.639133038037656753e+00
-2.085830807436587886e+00
-1.155969152272995792e+00
1.148421359902753736e-01
-9.562757842642533035e-01
-1.130655017020010256e+00
-1.268578482044229183e-01
2.049099910114415835e-02
1.730244681268252815e+00
1.904033963321483114e-02
-4.403110848659177456e-01
-2.617324790337671736e-01
-2.444535252810537962e+00
-3.753006869892732134e-01
-8.884156955261155453e-01
-2.101321322986353657e-01
6.943058637698222846e-01
1.566484111562251869e-01
-2.120827991706964788e+00
-1.475199429535060780e+00
-2.994958031075158011e+00
-6.398099317412029308e-01
-1.646768915797871990e+00
-6.673140786643263489e-01
-1.066009399120744661e+00
-8.256284136321805356e-01
9.123188018082011297e-01
1.493220902677060646e+00
1.784739607007214790e+00
2.077853100878972015e+00
-1.087063151760194746e+00
-3.586412406820795873e-01
2.237932233934697202e+00
3.431706108307350789e-01
-2.033163481351825563e+00
-4.730700113128194495e-02
-8.556742254135316639e-01
1.694928062300653515e+00
1.518924628509549235e+00
4.720526956941731300e-01
-1.334405345774954288e+00
1.030722151788423746e+00
6.700815554445411770e-01
-6.536573334413920966e-01
-7.004093622168517941e-01
8.417168646341797178e-01
-1.301631879783640811e+00
-1.628716931031934489e+00
-1.257886770353018324e+00
-3.149289060954736374e-01
4.763737155379343946e-01
-2.058160421441401322e+00
-3.334382425783855020e-02
-1.291525641881170472e+00
5.336750614820764405e-01
1.698318275057748572e-01
1.703553983377659176e-01
8.861109393758174191e-01
-1.235239415247568751e-02
-1.107447913416526042e+00
5.429613884580337668e-01
1.401966340257069232e+00
-6.028402334803808493e-01
-1.699553133733850974e+00
-5.744692320061881574e-01
2.436149690033261539e+00
-4.161845999426536657e-01
-1.132506640287054722e+00
-7.907866998676009729e-01
-8.952010959394205436e-01
-1.101529755607803196e+00
2.376516350035613456e-01
6.569803190773577661e-01
-1.382018660692990508e+00
-1.219082102511265919e+00
1.320651562051776695e+00
7.361645359555271106e-01
-3.064356918658006634e-01
-9.737843990226542346e-01
-2.823474639311007728e-01
1.735565849518758696e-01
5.099102579084917597e-01
-1.373493555998027471e+00
1.393781934432746894e+00
-7.064841765217746428e-01
1.440198177657662448e+00
4.733593523881904908e-01
-6.039607261528723292e-02
-4.307135246866593548e-01
-6.577883388139569298e-01
-1.972981255469023587e+00
-1.245157430897749329e+00
8.161888091302003101e-01
1.171501907891978611e+00
-8.630067338876035166e-02
-5.996387903103068684e-01
4.632644760726264410e-01
8.830117013981286789e-01
-1.400717958622700099e+00
8.345714126599662608e-01
1.131184536775595717e-01
1.896242144360305026e-02
4.605359249762930318e-02
-2.961895388151188913e-01
-2.215637130014719292e-01
8.196710731623096935e-01
3.082002385081491491e-01
1.198641773257109522e+00
1.128695182086723037e-01
-1.411453366191980141e+00
5.933414769505314101e-01
-5.609134911486394204e-01
-1.218499208298238878e+00
-3.959073228176606118e-01
1.079209558094590626e+00
-1.363411135980066469e+00
5.734318096938385567e-01
-4.448295604719578744e-01
-3.947358099606201876e-01
-8.418541701621398143e-01
-4.507837482677632401e-01
1.027957694787374754e+00
-4.505255109375778666e-01
-1.837629995497378488e-01
-1.317180748445844873e+00
-1.104543282428336326e+00
-2.914885772105799688e-01
4.197546067956934301e-01
-4.609489346418538247e-02
-7.813090191814686669e-01
-3.125755449027129984e-01
7.628195551433831767e-01
-3.126822763339327516e-01
1.387114856804128049e+00
-1.011631722957042623e+00
-1.554102724101252608e+00
1.775086135070766957e-01
-5.090444236824138713e-01
-1.951497603094707323e-01
-4.649038185014831015e-03
1.493545979806039981e+00
-1.158606599416027283e+00
1.667943365462281058e-01
9.429121996077132195e-01
-8.491750547187049136e-01
-1.189977841102738410e-01
1.121786762628040890e+00
-1.058389081000912224e+00
3.127456646730646384e-01
-5.097714227044667368e-01
2.441686085227643410e-01
6.711059269235134517e-01
1.979130965599581904e+00
-1.591675311768633083e+00
2.017494876528398429e-01
-2.632508090962271119e-01
-3.104676268281683083e-01
-4.153485927825555368e-01
-1.317465815957474140e+00
-1.058442329720432618e-02
5.050162574490714151e-01
-1.871717815435327559e-01
2.561339790054415033e+00
-1.643342467213132263e+00
7.366243727845855904e-02
1.441743398670342291e+00
-1.273419522792645253e+00
-1.576630373432270860e+00
1.270382039816920772e-01
-6.480890713371092460e-01
-7.913113292602753646e-01
-1.325799447669373965e+00
4.919054567610189332e-01
-1.450571698581976321e+00
-1.998904383373204530e-01
-1.471079446646092581e+00
-1.481072654435811042e-01
-9.630501451745701047e-01
1.203759513603591680e+00
-1.638572946521246188e-01
8.757762525832128997e-01
-9.011726347000252879e-01
7.147180587862294043e-01
1.698576918576867101e+00
-2.030359856567931054e+00
-3.899470619581129061e-01
-8.899550695518732013e-03
-1.143408155033729612e+00
2.024324742396645505e+00
-2.299819008494181638e-01
1.770948794349773925e+00
-1.073366172251903450e+00
-3.194548348544303806e-01
-6.198263700285027156e-01
-2.482494427299586359e+00
-8.875667737878516483e-01
-5.046248874160061959e-01
-1.564567110120762550e-03
-1.641838652548576860e+00
7.520772381948592766e-03
5.734586736460558498e-01
2.438413334725382242e-01
-7.585048156151152909e-02
3.088916369328020828e-01
5.141646441727614203e-01
-5.032981409029981812e-01
1.177860984772807207e-01
1.100987227687509673e+00
-1.426299784981036822e+00
9.054117919246899016e-01
3.387042191406810510e-01
1.882376252777107739e+00
4.617633582387274949e-01
3.405045970966698032e-01
-6.384449391568129961e-01
1.777345270550103162e+00
-6.566199433423773879e-01
-6.402473248997200272e-01
-3.265937124116697898e-01
1.843451713615573695e-02
-1.122697882118004031e+00
1.246788427285089318e-01
-3.950155059911962807e-01
1.752848271663145052e+00
-3.903360238963488049e-01
-3.512831486146507087e-01
1.128053397477663422e+00
-3.846067616910771036e-01
8.102404507806204581e-01
1.249253993684751318e-02
-1.338998140882445398e+00
-5.065133821037679507e-01
-4.124490759757293290e-02
4.214419830005108336e-01
1.864913793317726665e+00
2.652260835681160556e-01
9.692546401691110036e-01
-8.534508292113378580e-01
-1.035085919351575345e+00
-5.740416721968486513e-01
7.667260436171652316e-02
2.821489607418115053e-01
-1.191105639153472673e+00
-5.587047048005582273e-01
2.164838753414587647e+00
4.977967850439581898e-01
8.663583294782605249e-01
-1.389928211769725586e+00
-1.260254023651119493e-01
-1.615535579787922504e+00
-1.398178227431088327e-01
1.259901090714032890e-01
1.368298776197988120e+00
-3.711285376576358708e-01
7.846845823652364160e-01
-9.581695923173394469e-01
-1.568085182349586937e+00
1.266945973234097744e+00
4.718976370262781828e-01
8.870806612985706607e-01
2.242356470899320442e-01
-1.565101109087148057e+00
5.779370245769526182e-01
-6.161640019143144187e-02
1.655409309319211264e-01
3.720835842881564659e-02
-1.228998691474100902e+00
7.389188026826338795e-01
-7.227448767019795106e-01
-1.833909724852360590e-01
-1.213437839185492528e+00
-8.250494522425462218e-01
-2.632750924429514860e+00
3.856253078300519999e-01
-3.490784845057721686e-01
3.829458466761703761e-01
-1.146212110690837394e+00
-5.651279646921503197e-01
-9.747501582054329816e-01
-6.578750037056138034e-01
-7.520687727209973694e-02
1.189090061677066101e-01
1.667607863798346024e-01
1.483895996658918470e+00
1.119747711064853934e+00
7.915060246610483574e-03
-5.575824378311056151e-03
2.760454342438176112e-01
1.587263139186252392e-01
9.799749584433175009e-01
1.363218701964338919e+00
3.398459218936982773e-01
5.971048226737351028e-01
-2.245594353995274961e-01
-2.130418732640634971e+00
9.865744424415401337e-02
-1.982178293004912550e+00
-4.675860003857270630e-01
2.010313076106737817e+00
1.073868092421885079e+00
-1.339286752986139861e+00
-4.552005905522897855e-01
-1.743523786307743517e-01
-1.122449135769798989e+00
1.247043913463796727e-02
1.652731946059378121e-01
-6.553711540982412043e-01
-3.761701965385884083e-01
4.311931390683714227e-01
6.451349020172115756e-01
3.643458226027518343e-02
-4.308277967837517153e-01
8.147555440141016625e-01
-2.704481880535889449e-01
2.557832188600595025e-02
5.920369575310602261e-01
5.152234515583637986e-01
6.594084438274898652e-01
-3.356876029480093671e-01
1.654850417996253986e+00
-1.317055803324804764e-01
-2.010874344638282629e-01
-1.149342660138836791e-01
-1.096857538807299193e+00
-3.557397778665603028e-01
4.380024376957629695e-01
9.027827865606876667e-01
-1.610592115867388596e+00
-1.876020134056408661e-01
-1.423114806490240802e+00
-2.389251443463901392e+00
1.264345051592203228e+00
9.077330598197657086e-01
-1.636686795323976096e-01
1.733557730772781191e+00
-4.534325610988698685e-02
4.580414550986724453e-01
5.482346129551133318e-01
-4.292212086226800949e-01
-1.756365243861119030e+00
6.009478587839767183e-01
-9.610816314548586980e-02
-1.342471013294344484e+00
-6.610698876308329641e-01
3.357921922574486073e-01
-1.211894360590105135e+00
-8.096536101454913092e-01
1.609439973761451759e-01
1.914256293445890655e-01
-6.987620738017523703e-01
-1.555396663758749076e-01
6.098703690127014188e-01
-1.359045482895347767e+00
1.895476620191448580e-01
1.794080658986120236e-01
-6.151946241470525045e-01
-3.801975111950887110e-01
-3.032272577943476710e-01
-2.896116651883158255e-01
-6.169063336831418498e-01
4.470338577779883193e-01
6.636233755783730315e-01
-8.354062044263764752e-01
6.350959563306139977e-01
-1.601564548388305198e+00
-2.650326314132467331e-01
2.932191641794510417e-01
-1.097270946542597381e+00
9.365776470049191893e-01
-7.046331133424421633e-01
-1.420076006672480684e+00
1.471683351694502262e+00
6.101954511134463077e-01
8.529064782499988784e-01
3.571081895002528483e+00
-1.547788113877231808e+00
5.940943846582904531e-01
-1.712631581658929925e-02
1.227372275691029246e+00
1.328539483887080319e+00
1.198683129513067325e+00
3.184777821280404542e-01
-1.236798316019930066e+00
-8.637629873103016553e-01
3.222437117798262474e-01
9.658869671595007311e-01
1.733886020144011386e+00
-2.163814580302414470e+00
-1.202810104288218884e+00
-1.647319921387340180e-01
1.360350160994158397e+00
-1.083273952838740062e+00
7.659816233746736813e-01
-1.746532502184896529e-01
1.779966806846588590e+00
4.791529328814257971e-01
-3.719211419206909230e-01
-2.168617128532466243e-01
8.934034131537154089e-01
9.043261174185275308e-01
2.505717248343132253e-01
1.747955328279611642e+00
-6.214630813359087735e-01
1.965737276788515953e+00
-8.771028044126287782e-01
-4.478352049330285300e-01
1.536333299938881458e+00
-1.436618300106884405e-03
-5.356651224726178828e-01
1.745001377272125120e-01
-7.185966483999624010e-01
1.099496421880093111e+00
-1.053551495577923935e+00
-1.192731672156513545e+00
9.043902789103203110e-02
4.008946791013975330e-01
-6.046232864127354389e-02
2.728684614925229179e-01
-5.313331782838389694e-01
1.829726757546965565e-01
-7.070772753007341649e-01
2.392933613501051049e+00
-2.594509547229046920e-01
-7.984931442222118481e-01
2.660486296672491813e-01
5.981466197880348501e-01
9.731139697461091975e-01
4.903415269286357514e-01
2.139748213599677484e+00
-3.323318489622970606e-01
1.955900669933076319e+00
1.316014921649149239e+00
7.593493671534764511e-01
-8.788529441276682341e-01
-5.071994208674872606e-01
-3.973811345832078956e-04
8.812078289518618934e-01
1.431838442535164901e-01
4.282886422093099554e-01
-4.231822509946305821e-01
2.127113766583570431e-01
-9.328249668958945584e-01
-4.062159651125565318e-01
1.247771807212359807e+00
4.207760907531847838e-01
-1.909587169041882859e+00
5.242308432583262512e-01
-6.300655266959851453e-01
-1.894284534751846660e-01
1.289312548895763300e+00
1.125975265449591589e+00
-1.152121762669609195e+00
1.161403144450070091e+00
-2.554507778327027800e+00
2.095026523959553355e-01
5.361639297928997294e-01
-1.522106599066268107e+00
1.737870058983957966e+00
4.597488918357297560e-01
-1.446913961089263623e+00
-1.489743893859313273e+00
-3.320383801224080500e-01
1.882491327067493669e+00
3.858273953698532210e-03
-9.708188081964794769e-01
-1.114906296967849819e+00
-1.017013016327966257e+00
-8.118439287800072179e-01
8.765753571677173950e-01
4.973668555680840209e-01
-9.212438639824376274e-01
-5.515472928758866633e-01
4.033253549697191631e-01
-1.581517415990643105e-01
-1.332155665924282584e+00
-2.836618744332906061e-01
-2.173050113141918871e-01
-1.820973983779650140e-02
1.103599861064939791e+00
2.274336593649758154e+00
7.914115001584955955e-01
7.236813778704399569e-01
1.051793032469457545e+00
-1.427845918267511172e+00
8.600431276335914754e-01
-2.653092709695281659e-01
1.460401767539709628e-01
-1.573216934258072630e+00
1.612439237342682574e+00
-5.768191708772563153e-02
-4.070796570922644575e-01
3.866114061810299596e-02
1.083900302091136414e+00
7.529165942667124245e-01
1.153797964324599246e+00
1.155262323925012158e+00
1.602362624618458575e-01
-2.003345100342990293e-01
8.662657009163940991e-01
-3.612893511966859261e-01
-3.722234344891188762e-01
6.778034022877605924e-01
5.920861927454417195e-01
3.305435417101094675e-01
-3.095104279085834076e-01
-7.842560540226322097e-01
-2.178382491990424885e-01
7.325705019501359549e-01
-2.776123905823693061e+00
-1.594952763227837078e+00
1.273789309327773456e+00
-4.816984913608348684e-01
-8.011360764953550095e-01
9.874072887791067732e-01
-1.585476934205799715e+00
-7.627046528508132361e-01
1.924014894707224421e-01
-5.559118744536777346e-01
3.487165849126636630e-01
4.315728118337114338e-01
-5.743935751208928409e-01
-2.132358386994686050e+00
-5.971171819214635690e-01
-1.774590868042057901e+00
-7.475715335800576788e-01
-1.341389661124795962e+00
8.114832262797400109e-02
4.561200117722598035e-01
-1.865289618660642690e-01
-5.085648693263999931e-02
7.223615660730908772e-01
-6.340363263442886366e-01
1.126238453768158232e+00
-4.547950117507774115e-01
3.982778521673019378e-01
-9.460367870175190319e-02
-6.235112830093342273e-01
-9.278102792503695184e-02
4.550288864218648976e-01
-4.203732033452348693e-01
-1.089220750876627175e+00
6.410104806892064078e-02
-9.700881433482888561e-02
-5.218825760160681337e-01
-8.608852538504572216e-01
4.720150077102691633e-03
4.893308694324771668e-01
2.799082962740156333e+00
1.076047898259591129e+00
2.135206235992277435e+00
-2.304501295430604335e-01
1.608011962416542318e-01
5.405364258096160279e-01
-8.383817895496128436e-01
-1.308186658029957039e+00
-1.414879854695996642e+00
-1.283909157422774117e+00
-5.193550739234449320e-01
-5.901847972419267396e-01
5.461957118777093223e-01
-1.458029315918276669e-01
-1.237529007146405347e+00
-1.401319169212608795e+00
3.188094766316194040e-01
-1.565476872184941914e+00
-4.319198322736461648e-02
8.919541676588990109e-01
-9.288553051461265753e-01
9.818949350830770140e-01
4.508272971081415115e-01
-5.081691509114685257e-01
-4.058456878958847103e-01
1.141904484639917783e+00
-3.553041145427322522e-01
-1.822681293695555871e+00
-2.104112790475153538e+00
4.739714693922630895e-01
8.724727906786799991e-02
-8.080159658298438075e-01
-3.001081178644786629e-01
-2.734577318102060506e-01
8.739905999652217705e-01
1.055763969690763027e+00
-1.406509566560576463e-01
-9.859700031439531109e-01
1.707517340554842722e-01
1.592292481272349125e+00
-1.732537968493408354e-02
-1.349961255001133065e-01
-1.241629170077169775e-01
-1.382283440276395936e+00
1.634766495053829871e-02
3.240325989916529315e-01
-2.945746183325235634e+00
-1.644678319455601390e+00
3.060472494844512226e-01
-1.961471796317042493e-01
-2.101865619728757739e-01
6.353318357559151197e-02
-1.170453255083452770e+00
8.616916598562718299e-02
7.383435769619508537e-01
-1.220701065246096118e+00
3.728028368491322908e-01
-6.802592333037963401e-01
6.118652387635853396e-01
6.813603460748386409e-01
1.223979268691114619e+00
6.320504503581988454e-01
-2.145847961757390010e-01
5.805425040111688029e-01
3.726601920810990731e-01
-1.011518530313796349e-01
8.940169268669240221e-01
9.472426280119852215e-01
-9.175147819664495330e-01
1.823900711748117631e-01
-1.869761402019787244e-02
1.681301705232697064e+00
-1.133182886333274908e+00
-5.936844675497487955e-01
-1.910581157941019015e+00
-1.787100945737885471e+00
2.309732367247479434e+00
1.071168669103312876e-01
1.325617233762667935e+00
-5.786479190886888446e-01
1.996202307324002057e-02
-1.222916802102246070e+00
-2.296305924708039292e+00
1.984753853110223121e+00
9.409865988989540853e-02
-8.090037653711898979e-01
-1.094190542680124612e-01
1.681631585180801469e+00
6.427178025573865305e-02
1.634935727299755559e+00
-2.551211311697467732e-01
-8.149463633063587231e-01
1.442718872253614393e+00
-2.031202819362399214e+00
7.957251224931845002e-01
1.417951622510499110e+00
-8.978247785657256230e-02
7.958472856752736302e-01
1.797230884986662058e+00
-2.732018038988965891e-01
7.696671477771732661e-02
6.620140386290362944e-02
-5.936709265085244880e-01
2.458424017414413409e+00
-1.686977646387088914e-01
1.453113830460503131e+00
-7.312836165004321654e-02
-1.739534056773645032e-01
3.512795365904770595e-01
6.385256468756361770e-01
-9.672500968950854539e-01
1.111487725663455439e+00
5.741828210742943028e-01
-1.332283698401313110e-01
6.470888623580919319e-01
-4.254884668367621137e-01
7.127881192372031993e-01
-1.615297877158973661e+00
1.820760766460002844e-01
1.516676520513653981e-01
6.289483239327957609e-01
1.529067954645414673e+00
-3.783552628389703631e-01
9.396375970068779893e-01
-2.444175844588245550e-01
-3.763264337634548706e-01
-3.260478325937690158e-01
2.486279441870951068e-01
-1.552528954466003475e+00
-4.310317295040253516e-01
-4.825359159242437190e-01
-1.945992518568206320e+00
1.213849148875351558e+00
-6.036884861005145098e-01
-5.131063172733311140e-01
1.715832856637618420e+00
2.647899419475466809e-01
-3.108398651854018535e-01
-6.075519128427759874e-01
1.587090424767817254e+00
-1.241119598624344178e+00
-2.514771142222611555e-01
1.139320948912136977e-01
-8.226155241697434839e-01
1.823937431906788031e-01
-8.415836994501466606e-01
3.114309711554982263e-01
-1.255252467766607705e-01
7.590066763473505285e-01
6.438962891943611488e-02
-1.013782747137261131e+00
-1.683892274591456406e-01
-2.200059216010883389e-01
1.386351240025317733e+00
3.444245122235217726e-01
-2.235596030281807867e-01
-6.247262044243302448e-01
8.667417671104149512e-02
-1.190407177357987623e+00
-2.037525634616689452e+00
7.135023818999925993e-01
-9.130010614981087791e-02
2.029422649903815046e+00
1.955412990668527584e+00
1.126611126223542536e+00
-4.719237783481996518e-01
-1.819897749436235612e-01
1.132688423464735861e+00
9.802933743594612892e-01
-8.934589329064326346e-01
7.786746381464759725e-02
1.055375291281265282e-01
-1.012042380737978142e+00
1.132125465152758803e+00
-1.827785961021251460e+00
-1.222743170851120276e+00
-1.082941019984998143e-01
9.229398196279808841e-02
-1.199169316361524684e+00
1.049032435901636529e+00
-2.439124912540198142e-01
-9.065925370256173732e-01
7.691010272723242114e-02
-5.291605317555945209e-01
-1.916872619368630737e+00
-2.040012438655252502e+00
1.996905577753212979e-01
-6.126645762024511832e-01
-1.480401893670991953e+00
6.506550221355160701e-01
3.864970886345897583e-01
-9.292462499813374244e-01
1.123132819916916159e+00
-6.501611679644290209e-01
-1.072617312712726978e-01
-2.978247228822089587e-01
3.276643976851487672e-01
1.226415518082032197e+00
2.939596270918529708e-01
2.521339994035918242e-01
1.181766585981653961e-01
-7.948551106352408357e-01
-2.853071138180260924e-01
-1.236985987932892161e+00
9.619660575776973754e-01
-2.271036272081992102e-01
-1.278811037979351806e+00
7.027394448476621536e-01
2.640616464067444547e-01
5.389649779219538583e-01
1.138236468204085750e-01
-1.053347846117408171e+00
-1.577928778231095786e+00
-4.752266781752578773e-01
8.117624579675193353e-01
-1.175808046648989968e+00
4.237504674799629223e-01
7.495091090158021441e-01
3.155514502996555892e-01
1.043869473863831887e+00
5.499403168324678015e-01
-1.089374821798654303e-01
-1.174824331176795855e+00
-2.290794041545150872e+00
-1.014479662831840878e-01
-1.179578461681602741e+00
4.064658987685834113e-01
1.271221410673093244e+00
-1.832618156578262880e-01
-1.201044298277804678e+00
-1.724383971267461568e+00
-3.651467014421871937e-02
-3.029270423074995611e-01
8.160332862082126937e-01
-3.235336955713913332e-01
7.391859633629800364e-01
3.985455712377583004e-01
1.262261151143534210e+00
6.220047509077204495e-01
-1.133553737491688640e+00
2.727337713466553848e-01
-1.877180295755564776e+00
-9.822773890504330474e-01
-5.853204819251814905e-01
-8.510994433021316086e-01
2.986533104241954062e-01
-1.171766820641455986e+00
2.176002556081124695e+00
6.755475829776069752e-01
8.709239035723714828e-01
1.167240580528183802e+00
-2.981647690566939346e+00
-4.927246903723365712e-01
1.692962917583551441e-02
5.897715221098167593e-01
1.870592621598857086e+00
3.497471171880228158e-01
1.080981680929904432e-01
1.291856124770022651e+00
2.502026172903651924e-01
-2.422651274030822588e-01
-9.872249646830167924e-01
-1.742870791383288154e+00
-5.786848806727595829e-01
-6.114190759590794055e-01
-5.097415834515302002e-01
1.989576340065513094e-02
1.090905918508507932e+00
-7.123212111598193896e-01
-1.437615549571278795e+00
-1.035059266290785374e-01
-8.447509660771945761e-01
1.643395337850383164e+00
1.056692802083945226e+00
2.578232974693131396e+00
-9.640145731637179694e-01
6.095599757201439761e-01
4.509840860611810109e-01
-5.720656045455807526e-01
9.546148249103627581e-01
-2.175233120063393422e-01
-9.455470516404418380e-01
2.574749562408523706e-01
-8.756456274316887223e-01
-7.260306883466890460e-01
-1.628758602367452735e-01
-3.367516845973472783e-02
-7.428201662885240975e-01
-1.523612261283549874e+00
3.377775924005412822e-01
1.414967187103680413e+00
2.867910431128429249e-01
-9.941917798684979379e-01
8.881148935956650892e-01
-2.988051099806844357e-01
1.536583801450113418e+00
3.189455416216658290e-01
-1.400492374959243502e+00
-5.596790748248348102e-01
1.410897738308599214e+00
1.232017866175644905e+00
-6.186127856067573649e-01
