-2.116090205826109405e-01
-2.211821583631384813e-01
-2.311398042770374806e-01
-2.414799864675630792e-01
-2.521971892005393512e-01
-2.632828767474969522e-01
-2.747238834220930848e-01
-2.865016603376455695e-01
-2.985934506303419278e-01
-3.109697669100481288e-01
-3.235932920605351093e-01
-3.364206743115616405e-01
-3.494018910341365469e-01
-3.624794350240897467e-01
-3.755867093782231381e-01
-3.886492555028631113e-01
-4.015866649364472352e-01
-4.143113896195518286e-01
-4.267297712948068811e-01
-4.387428354820450682e-01
-4.502483664053336665e-01
-4.611416936194711047e-01
-4.713177763247003993e-01
-4.806744473550031982e-01
-4.891122326210619597e-01
-4.965379111014569524e-01
-5.028670873523261031e-01
-5.080254348706894074e-01
-5.119509033212604754e-01
-5.145956635236621501e-01
-5.159271620543484094e-01
-5.159280356436786175e-01
-5.145983901961769247e-01
-5.119556146874686409e-01
-5.080323431143368706e-01
-5.028759072098536453e-01
-4.965482000282970265e-01
-4.891242829036807072e-01
-4.806885274567088695e-01
-4.713337979225311059e-01
-4.611597580906601768e-01
-4.502686941806592347e-01
-4.387651746285933796e-01
-4.267544909620905047e-01
-4.143386754338936884e-01
-4.016156520842578681e-01
-3.886796871076259041e-01
-3.756187262205919475e-01
-3.625135543667848959e-01
-3.494388157030178799e-01
-3.364595198887623262e-01
-3.236326477049696893e-01
-3.110102354671302471e-01
-2.986359450888633749e-01
-2.865450222469598240e-01
-2.747671870244633441e-01
-2.633267666286046582e-01
-2.522418439841160875e-01
-2.415249704830474409e-01
-2.311848841965364054e-01
-2.212269279547953160e-01
-2.116532876689405374e-01
-2.211803821324715980e-01
-2.314923265011935016e-01
-2.422430259758519000e-01
-2.534321494294108912e-01
-2.650552481239617508e-01
-2.771055969229192506e-01
-2.895717547128936475e-01
-3.024356642984849519e-01
-3.156742666882171866e-01
-3.292573600386909938e-01
-3.431459733419768843e-01
-3.572928778961094176e-01
-3.716432020361136734e-01
-3.861351852889398639e-01
-4.006951146113200135e-01
-4.152385446066244601e-01
-4.296747160382655695e-01
-4.439043197422856135e-01
-4.578207285547897798e-01
-4.713103109642473032e-01
-4.842541420232432947e-01
-4.965297665096861657e-01
-5.080154966827882257e-01
-5.185927748197606268e-01
-5.281438228319682571e-01
-5.365586705882597895e-01
-5.437382407278554819e-01
-5.495943154637010775e-01
-5.540535558776811254e-01
-5.570594713056944425e-01
-5.585732943890908686e-01
-5.585743412716842604e-01
-5.570623387857877029e-01
-5.540583757909609552e-01
-5.496014199568963754e-01
-5.437470257942277341e-01
-5.365685310700134547e-01
-5.281549043359548001e-01
-5.186059127981923478e-01
-5.080307551831656498e-01
-4.965463483323278027e-01
-4.842723665244543785e-01
-4.713311277091301044e-01
-4.578451605964679594e-01
-4.439319808755641805e-01
-4.297038743946127726e-01
-4.152688244892435709e-01
-4.007274020726177000e-01
-3.861703260147659744e-01
-3.716813543303409961e-01
-3.573329238033616795e-01
-3.431866282048641192e-01
-3.292994416951119385e-01
-3.157188060063322865e-01
-3.024812112927589003e-01
-2.896171483600275542e-01
-2.771514602536894190e-01
-2.651017758778667077e-01
-2.534788331479095325e-01
-2.422897170467487871e-01
-2.315387344546789850e-01
-2.212265957703088981e-01
-2.311357307603474354e-01
-2.422409098100699321e-01
-2.538445826627661606e-01
-2.659487910720060855e-01
-2.785516694732408927e-01
-2.916492745588888380e-01
-3.052320374925434066e-01
-3.192826650205003447e-01
-3.337778884617911834e-01
-3.486870495807093961e-01
-3.639705696501040477e-01
-3.795779618333035565e-01
-3.954491240332586033e-01
-4.115157094271435501e-01
-4.276966699210631440e-01
-4.438986010996788245e-01
-4.600188572452424962e-01
-4.759441910814121157e-01
-4.915522913620301582e-01
-5.067128411754386885e-01
-5.212878633939013184e-01
-5.351353802970455487e-01
-5.481135010100901539e-01
-5.600824801994915836e-01
-5.709053475959005031e-01
-5.804525010420088504e-01
-5.886062081406384650e-01
-5.952619371272978022e-01
-6.003329384950536474e-01
-6.037530610403234466e-01
-6.054760516337760468e-01
-6.054776537875430353e-01
-6.037568901148195888e-01
-6.003379023469525011e-01
-5.952679921657222373e-01
-5.886138698690215332e-01
-5.804617441543329370e-01
-5.709158908787795861e-01
-5.600951069130425397e-01
-5.481279916341289526e-01
-5.351509160469563042e-01
-5.213048639113802007e-01
-5.067325856655964245e-01
-4.915755276414848218e-01
-4.759705073088933425e-01
-4.600476834776288659e-01
-4.439291604434386085e-01
-4.277293765994051311e-01
-4.115512192749481990e-01
-3.954869750632756809e-01
-3.796180666601560727e-01
-3.640128557560627920e-01
-3.487312358533855017e-01
-3.338238371858299747e-01
-3.193296062017483283e-01
-3.052792911185139291e-01
-2.916972186728035710e-01
-2.786001210643931358e-01
-2.659968933161204196e-01
-2.538923958162420114e-01
-2.422888345446715386e-01
-2.311840807787379770e-01
-2.414724586532983053e-01
-2.534263358769194285e-01
-2.659455510548092150e-01
-2.790342754316522678e-01
-2.926952137008231314e-01
-3.069284096460693778e-01
-3.217254703560087914e-01
-3.370699711659882469e-01
-3.529406342233867289e-01
-3.693064283943003900e-01
-3.861259356598428782e-01
-4.033469814627720362e-01
-4.209052480035331278e-01
-4.387240192806851624e-01
-4.567133970935156606e-01
-4.747711381489427840e-01
-4.927815822307416438e-01
-5.106148882430248115e-01
-5.281309121361514869e-01
-5.451800555357428912e-01
-5.616028566340784955e-01
-5.772356389423455303e-01
-5.919120621896234447e-01
-6.054663983572370345e-01
-6.177399218636013822e-01
-6.285802098415856909e-01
-6.378468825955058152e-01
-6.454171848410127366e-01
-6.511882198533609500e-01
-6.550819803212037939e-01
-6.570441369482374894e-01
-6.570456955914624197e-01
-6.550857507202709762e-01
-6.511923213309288583e-01
-6.454215114781511886e-01
-6.378526642856088280e-01
-6.285875623599699313e-01
-6.177493447066223498e-01
-6.054780667100659874e-01
-5.919251753053054177e-01
-5.772507561542126187e-01
-5.616200610754265021e-01
-5.451990387761775914e-01
-5.281522133754987802e-01
-5.106391668800474015e-01
-4.928095218929234855e-01
-4.748013744197235875e-01
-4.567450446267766750e-01
-4.387583730669459836e-01
-4.209430322333109764e-01
-4.033880569106834679e-01
-3.861695380354910334e-01
-3.693515560091490957e-01
-3.529874618740580505e-01
-3.371180272562491753e-01
-3.217736024403060058e-01
-3.069779074549652265e-01
-2.927462740700733645e-01
-2.790847892879580461e-01
-2.659956728953017935e-01
-2.534775707348349005e-01
-2.415240285897320704e-01
-2.521860301871972077e-01
-2.650459372513460643e-01
-2.785457875043625964e-01
-2.926927323383640700e-01
-3.074945055006504946e-01
-3.229550632987101544e-01
-3.390690160749322279e-01
-3.558227692865076897e-01
-3.731964563307347271e-01
-3.911589901482549481e-01
-4.096683389356322591e-01
-4.286704566038280761e-01
-4.480959465365740302e-01
-4.678606733579484533e-01
-4.878656463057474690e-01
-5.079975927368505229e-01
-5.281258548062202074e-01
-5.481021029644590481e-01
-5.677667196157794027e-01
-5.869481477837099614e-01
-6.054614522495225248e-01
-6.231163368175552941e-01
-6.397193525356867916e-01
-6.550758926017101746e-01
-6.689988405073841182e-01
-6.813095013484375961e-01
-6.918433244822908001e-01
-7.004560487944457847e-01
-7.070259950176713826e-01
-7.114600869230736091e-01
-7.136941652790196322e-01
-7.136947838318159487e-01
-7.114618806761316971e-01
-7.070286038491886416e-01
-7.004595196857984485e-01
-6.918476434872048442e-01
-6.813143952344582477e-01
-6.690055948492257265e-01
-6.550850852798475454e-01
-6.397303022862769195e-01
-6.231295189647900745e-01
-6.054764846627957997e-01
-5.869648081175289356e-01
-5.677860850220908251e-01
-5.481244771805078297e-01
-5.281513705402941516e-01
-5.080256567806892276e-01
-4.878955520683296299e-01
-4.678937511520228076e-01
-4.481331929406269787e-01
-4.287114653338703896e-01
-4.097123809232012803e-01
-3.912046515427692883e-01
-3.732437899782019008e-01
-3.558721241374719346e-01
-3.391193813375406041e-01
-3.230069014884436873e-01
-3.075477989812775426e-01
-2.927455908319580580e-01
-2.785987545555332345e-01
-2.651007877665996215e-01
-2.522408155706065136e-01
-2.632681613371677387e-01
-2.770927684137546865e-01
-2.916395800131991178e-01
-3.069217940721604698e-01
-3.229514460814505439e-01
-3.397359473527702400e-01
-3.572756215431818205e-01
-3.755608186984883412e-01
-3.945731043002130289e-01
-4.142828689804437525e-01
-4.346477639865693465e-01
-4.556114284680992665e-01
-4.770999423662502514e-01
-4.990221188086608750e-01
-5.212687573231480354e-01
-5.437131488874924479e-01
-5.662087569934581843e-01
-5.885877334699638475e-01
-6.106667925889361914e-01
-6.322484528705714091e-01
-6.531196775323975245e-01
-6.730577896041010089e-01
-6.918372654380808839e-01
-7.092325612152281522e-01
-7.250225506538962028e-01
-7.389977171419368496e-01
-7.509670740009251055e-01
-7.607608833302872409e-01
-7.682362260975770241e-01
-7.732830934746409701e-01
-7.758256982683636727e-01
-7.758253822245049225e-01
-7.732828831400233582e-01
-7.682375988315716109e-01
-7.607638724990367640e-01
-7.509705473248474705e-01
-7.390008474555738172e-01
-7.250263139120967093e-01
-7.092388840385666082e-01
-6.918454622036811497e-01
-6.730669204377615067e-01
-6.531303384159141689e-01
-6.322615256761002778e-01
-6.106832353704687577e-01
-5.886074041957630731e-01
-5.662312154201638581e-01
-5.437386748082110310e-01
-5.212969872854356090e-01
-4.990534810147545519e-01
-4.771352215061305801e-01
-4.556506792528416949e-01
-4.346912984223246790e-01
-4.143295267835613305e-01
-3.946216116831475773e-01
-3.756115963022410575e-01
-3.573291693349017195e-01
-3.397911336503235957e-01
-3.230067743619465803e-01
-3.069775025601483853e-01
-2.916963156896740239e-01
-2.771504328865507238e-01
-2.633252623748445487e-01
-2.747060229138107434e-01
-2.895558871814641888e-01
-3.052178872578714675e-01
-3.217136954960931883e-01
-3.390611971749022402e-01
-3.572717779014207284e-01
-3.763514871599236145e-01
-3.962961907884194890e-01
-4.170907277676804137e-01
-4.387079700641653979e-01
-4.611050388581575676e-01
-4.842235192711641378e-01
-5.079863201101419978e-01
-5.322949117910967809e-01
-5.570284467289071673e-01
-5.820446691255883875e-01
-6.071793602358892539e-01
-6.322432823709028815e-01
-6.570255237861857278e-01
-6.812978097774431419e-01
-7.048153555958167615e-01
-7.273188352473569651e-01
-7.485447312433430866e-01
-7.682316096556850438e-01
-7.861208706531144230e-01
-8.019674856320103684e-01
-8.155490915695973175e-01
-8.266684867272304782e-01
-8.351594963843421704e-01
-8.408933781853789036e-01
-8.437823701889972661e-01
-8.437818608935914177e-01
-8.408925744293000992e-01
-8.351597868212906617e-01
-8.266694888939043473e-01
-8.155497529978364968e-01
-8.019674966693142171e-01
-7.861207365762041821e-01
-7.682335316228401378e-01
-7.485483410674760307e-01
-7.273226656537503665e-01
-7.048208955537087483e-01
-6.813059621217313344e-01
-6.570367275518367300e-01
-6.322583271974644425e-01
-6.071979836082566084e-01
-5.820665321508352585e-01
-5.570535810758050488e-01
-5.323237467988526372e-01
-5.080194555907437959e-01
-4.842614667120841987e-01
-4.611476329918615669e-01
-4.387542450694479901e-01
-4.171395470695348218e-01
-3.963475122674678941e-01
-3.764061010603573232e-01
-3.573282093591130804e-01
-3.391180774681987198e-01
-3.217721595521107480e-01
-3.052774585343697167e-01
-2.896150039239934193e-01
-2.747647215233400830e-01
-2.864807413082697263e-01
-3.024170453056641006e-01
-3.192651551115654462e-01
-3.370546094008615157e-01
-3.558111089756575973e-01
-3.755531921837522158e-01
-3.962920920309921935e-01
-4.180304745402680378e-01
-4.407583673586327744e-01
-4.644514362901706050e-01
-4.890682969943022096e-01
-5.145488680967343909e-01
-5.408117633223603615e-01
-5.677508395413054521e-01
-5.952336347214214340e-01
-6.231008447719428300e-01
-6.511668060564057559e-01
-6.792174967461591661e-01
-7.070111291854126456e-01
-7.342834276127447879e-01
-7.607518259681363970e-01
-7.861167989524353583e-01
-8.100712661909234003e-01
-8.323104042001781000e-01
-8.525353107622432036e-01
-8.704620461499856798e-01
-8.858319165510479820e-01
-8.984183088681532148e-01
-9.080313435020133106e-01
-9.145234434433405779e-01
-9.177946983776958945e-01
-9.177943580544205560e-01
-9.145228378831619098e-01
-9.080304221604642567e-01
-8.984155936804262277e-01
-8.858276431795747419e-01
-8.704576219992112840e-01
-8.525311109019116929e-01
-8.323072471067209932e-01
-8.100687424240915480e-01
-7.861146585005003296e-01
-7.607513828161283076e-01
-7.342847025238046221e-01
-7.070145826504397046e-01
-6.792249891825294927e-01
-6.511786393612217783e-01
-6.231158603662025897e-01
-5.952526489743217297e-01
-5.677751278428497805e-01
-5.408416647400022814e-01
-5.145852503756673801e-01
-4.891100560218762383e-01
-4.644969122978221954e-01
-4.408071706153026681e-01
-4.180823910012861910e-01
-3.963467512878071641e-01
-3.756097725858249525e-01
-3.558693468689299033e-01
-3.371144906962114662e-01
-3.193256889453608416e-01
-3.024771961583425650e-01
-2.865412090239861098e-01
-2.985679841074095897e-01
-3.156513194349420126e-01
-3.337569972661369455e-01
-3.529217240827556279e-01
-3.731800920711496605e-01
-3.945608421920350772e-01
-4.170820833129618155e-01
-4.407534531751115536e-01
-4.655720283166632778e-01
-4.915170300397486702e-01
-5.185504859244657316e-01
-5.466117486149222326e-01
-5.756130445902825077e-01
-6.054401363325956353e-01
-6.359489230562580531e-01
-6.669614472884604073e-01
-6.982668515200228798e-01
-7.296214261832733028e-01
-7.607481275144625243e-01
-7.913412795325177607e-01
-8.210731158943728181e-01
-8.495974808326687278e-01
-8.765586460630255816e-01
-9.016026325120765073e-01
-9.243851379042437033e-01
-9.445815086923212700e-01
-9.618962135176368777e-01
-9.760720711770684010e-01
-9.868966699977761436e-01
-9.942058509548743483e-01
-9.978882661359196327e-01
-9.978877160610466479e-01
-9.942045989270160700e-01
-9.868942037303432002e-01
-9.760668451656966393e-01
-9.618889315337114665e-01
-9.445736610071119310e-01
-9.243773456508466158e-01
-9.015947341007929383e-01
-8.765493547758008708e-01
-8.495877662545396891e-01
-8.210648492500840501e-01
-7.913342581925562058e-01
-7.607430963719973294e-01
-7.296203827625402649e-01
-6.982702602587288476e-01
-6.669684680584555547e-01
-6.359607487802871884e-01
-6.054585596266475189e-01
-5.756378849780622309e-01
-5.466436815666273485e-01
-5.185897447761226298e-01
-4.915616245305722831e-01
-4.656205184699691024e-01
-4.408050642613430825e-01
-4.171362828645468479e-01
-3.946180954022524001e-01
-3.732397404002385510e-01
-3.529822568573908192e-01
-3.338183268138950055e-01
-3.157136851189749072e-01
-2.986311507027790135e-01
-3.109388910410105789e-01
-3.292287887431512017e-01
-3.486612176374588312e-01
-3.692826964229317666e-01
-3.911375162398045835e-01
-4.142648230006984456e-01
-4.386931099627512376e-01
-4.644409364894709347e-01
-4.915123802262694186e-01
-5.198918773441874031e-01
-5.495455011358840736e-01
-5.804125427739771359e-01
-6.123999056716722400e-01
-6.453844387546310291e-01
-6.792075140182118886e-01
-7.136700367397570410e-01
-7.485324781444688824e-01
-7.835146078162903427e-01
-8.182981335155949942e-01
-8.525295025035265484e-01
-8.858267940216146830e-01
-9.177890028252639887e-01
-9.480055750927751657e-01
-9.760692023991948130e-01
-1.001586320893450788e+00
-1.024190420351547504e+00
-1.043553238957527274e+00
-1.059392045582397746e+00
-1.071476052505091259e+00
-1.079630075741913497e+00
-1.083736172980997559e+00
-1.083735333364046927e+00
-1.079628129181805507e+00
-1.071472825038178200e+00
-1.059386585574983553e+00
-1.043545218570917754e+00
-1.024179582413742740e+00
-1.001573480206899402e+00
-9.760549758140715237e-01
-9.479886956512928453e-01
-9.177704967796798119e-01
-8.858090043741662090e-01
-8.525123897042239385e-01
-8.182832646435584945e-01
-7.835040127439716340e-01
-7.485263407857376539e-01
-7.136685751567778402e-01
-6.792117358888737355e-01
-6.453957545907520466e-01
-6.124181195435517422e-01
-5.804380063827947467e-01
-5.495794057342222594e-01
-5.199327008053256094e-01
-4.915582317881994623e-01
-4.644908819084964668e-01
-4.387467432855826077e-01
-4.143225595528949867e-01
-3.911979574732364906e-01
-3.693441893662777753e-01
-3.487244656918471186e-01
-3.292938632634192508e-01
-3.110046472909262505e-01
-3.235571437806461503e-01
-3.431113554205011407e-01
-3.639383572167261272e-01
-3.860965246814082596e-01
-4.096413393299002670e-01
-4.346234875333311320e-01
-4.610842299615514617e-01
-4.890526450700390937e-01
-5.185407725681300262e-01
-5.495404611199367073e-01
-5.820219688218988274e-01
-6.159244690909685405e-01
-6.511515596956396479e-01
-6.875694433732969513e-01
-7.250002587682408128e-01
-7.632199711720402124e-01
-8.019552888248746569e-01
-8.408818061091740681e-01
-8.796303536397660494e-01
-9.177898578601066948e-01
-9.549144551552715132e-01
-9.905382029936946608e-01
-1.024187894910275620e+00
-1.055399033988976498e+00
-1.083729629511582360e+00
-1.108774624165414835e+00
-1.130181178985790069e+00
-1.147654218504722046e+00
-1.160958630124585778e+00
-1.169922213303947300e+00
-1.174431772169361121e+00
-1.174431312795809923e+00
-1.169921444153737777e+00
-1.160956867927273706e+00
-1.147649874845831919e+00
-1.130173205479367837e+00
-1.108761690241359066e+00
-1.083712052563037265e+00
-1.055377870046880773e+00
-1.024162435321223308e+00
-9.905090457568377360e-01
-9.548834360733523541e-01
-9.177580163592023998e-01
-8.796006622895866656e-01
-8.408567643386207768e-01
-8.019359271440930081e-01
-7.632073092705637940e-01
-7.249942050226600987e-01
-6.875706205778415736e-01
-6.511612722704305245e-01
-6.159432057406242222e-01
-5.820494952606196648e-01
-5.495753072441806886e-01
-5.185822397488979441e-01
-4.891005290511837300e-01
-4.611373786259126972e-01
-4.346811448950669843e-01
-4.097018935242107140e-01
-3.861591260220531563e-01
-3.640040890436443966e-01
-3.431792922142859470e-01
-3.236254286110569756e-01
-3.363791941798843776e-01
-3.572527085991805684e-01
-3.795397207699829911e-01
-4.033111971266227780e-01
-4.286368918473655309e-01
-4.555809658140468899e-01
-4.841977270338098105e-01
-5.145283754027509815e-01
-5.465961948035107376e-01
-5.804015618295264023e-01
-6.159189460336548239e-01
-6.530882844444563240e-01
-6.918087336768860007e-01
-7.319331493137548605e-01
-7.732611603651313725e-01
-8.155364716990212148e-01
-8.584426493872630015e-01
-9.016018589195902155e-01
-9.445807629345539524e-01
-9.868963148242537731e-01
-1.028025731826778699e+00
-1.067424998155243943e+00
-1.104549039440446911e+00
-1.138872222276326562e+00
-1.169908128592496599e+00
-1.197227118295753456e+00
-1.220471916870532691e+00
-1.239361717294135357e+00
-1.253688170460741214e+00
-1.263310397224378878e+00
-1.268142129447070054e+00
-1.268143158236776369e+00
-1.263313756648184683e+00
-1.253691702550895792e+00
-1.239362376213645200e+00
-1.220467829252699588e+00
-1.197216113531383019e+00
-1.169889404199509153e+00
-1.138845618996590758e+00
-1.104514329757289026e+00
-1.067383300892986719e+00
-1.027979148984996094e+00
-9.868476026676136215e-01
-9.445335579687320626e-01
-9.015589290650731780e-01
-8.584058367608640161e-01
-8.155074187377429062e-01
-7.732402195173297965e-01
-7.319209553373502430e-01
-6.918073032452035642e-01
-6.530983900105560291e-01
-6.159390308999459496e-01
-5.804294499545921138e-01
-5.466323466855000923e-01
-5.145733767687808990e-01
-4.842494393363239169e-01
-4.556378259103203154e-01
-4.286978211333105637e-01
-4.033755726353203119e-01
-3.796074644874852244e-01
-3.573228347095405155e-01
-3.364499532937175186e-01
-3.493553024183038147e-01
-3.715986841290362941e-01
-3.954055226203778695e-01
-4.208624320977158995e-01
-4.480555902045554317e-01
-4.770631288871499676e-01
-5.079543326196114261e-01
-5.407855824656877530e-01
-5.755922043454031467e-01
-6.123841941069435579e-01
-6.511415062666784381e-01
-6.918043660049755239e-01
-7.342645187352258018e-01
-7.783572840783101743e-01
-8.238546638591339732e-01
-8.704579905873521817e-01
-9.177944018116624969e-01
-9.654170067875840200e-01
-1.012809447692511355e+00
-1.059395793922371043e+00
-1.104555270460847671e+00
-1.147648310559795881e+00
-1.188045869004203281e+00
-1.225157883809389503e+00
-1.258464236314307483e+00
-1.287538172781991896e+00
-1.312059727332474557e+00
-1.331815001839482981e+00
-1.346681019825553438e+00
-1.356603915479884126e+00
-1.361567709969206508e+00
-1.361571267053864442e+00
-1.356614811543591426e+00
-1.346695568967107626e+00
-1.331827919872623056e+00
-1.312067302300247151e+00
-1.287535976736517540e+00
-1.258449424564598740e+00
-1.225128978828702087e+00
-1.188003372389295764e+00
-1.147594751239773281e+00
-1.104493021948873110e+00
-1.059328460028996943e+00
-1.012741842901925926e+00
-9.653524844133916094e-01
-9.177348343823061860e-01
-8.704060594113992577e-01
-8.238133616966241135e-01
-7.783279335126476184e-01
-7.342480969604050500e-01
-6.918015738977936202e-01
-6.511510070504658021e-01
-6.124039051175703685e-01
-5.756222580073744322e-01
-5.408267732645185566e-01
-5.080041837819698758e-01
-4.771186183924511770e-01
-4.481165696675725174e-01
-4.209287228516419566e-01
-3.954746185234228051e-01
-3.716693422544556924e-01
-3.494274726786977259e-01
-3.624270558598552405e-01
-3.860847083763438992e-01
-4.114656957923386593e-01
-4.386742323664817866e-01
-4.678136490400165437e-01
-4.989790238967766189e-01
-5.322565379805356267e-01
-5.677188502533028203e-01
-6.054146741596670989e-01
-6.453652356810486435e-01
-6.875566824683501110e-01
-7.319267308724830556e-01
-7.783559269877255993e-01
-8.266562865393726200e-01
-8.765612379045073510e-01
-9.277162313265163718e-01
-9.796739943424153108e-01
-1.031893898830264389e+00
-1.083746697413777049e+00
-1.134530406807975567e+00
-1.183493652522673800e+00
-1.229873893851532785e+00
-1.272939815546958453e+00
-1.312034929391928006e+00
-1.346626916419574549e+00
-1.376340262314499796e+00
-1.400967500526259624e+00
-1.420459223924364078e+00
-1.434887464574250648e+00
-1.444389751971095315e+00
-1.449103588378844565e+00
-1.449111886983007746e+00
-1.444413631121606922e+00
-1.434921666998777656e+00
-1.420495524029585122e+00
-1.400998107158124117e+00
-1.376357813978408950e+00
-1.346625343219620241e+00
-1.312010464329907311e+00
-1.272893493731096504e+00
-1.229809579134101494e+00
-1.183413498458206981e+00
-1.134438972541935264e+00
-1.083651701735109718e+00
-1.031800735511273714e+00
-9.795857220123671549e-01
-9.276367741056150695e-01
-8.764948442478246449e-01
-8.266047250290651238e-01
-7.783200002906413006e-01
-7.319067165477105563e-01
-6.875519879285585390e-01
-6.453748383560476976e-01
-6.054368950963766594e-01
-5.677539122696931839e-01
-5.323028001512031260e-01
-4.990325042990277349e-01
-4.678737846138782963e-01
-4.387404801517719166e-01
-4.115348089596886361e-01
-3.861554015527729478e-01
-3.625002229205815940e-01
-3.755278754130199070e-01
-4.006369975086054858e-01
-4.276397202199664349e-01
-4.566583070148269585e-01
-4.878137336319990358e-01
-5.212211882219687231e-01
-5.569855678841425517e-01
-5.951966412153336661e-01
-6.359191857109433021e-01
-6.791861887617978155e-01
-7.249880149689293951e-01
-7.732564210494411450e-01
-8.238551387383393765e-01
-8.765639807448535326e-01
-9.310623789266369021e-01
-9.869186270857870369e-01
-1.043582153183165495e+00
-1.100380775907100706e+00
-1.156527095339980216e+00
-1.211141605151295986e+00
-1.263289698117899373e+00
-1.312038014789400187e+00
-1.356520681577852105e+00
-1.396011056189767618e+00
-1.429998625347108199e+00
-1.458240772272535013e+00
-1.480775586824178092e+00
-1.497893862170152079e+00
-1.510061093984751412e+00
-1.517797733501207613e+00
-1.521548183678415267e+00
-1.521565307205426709e+00
-1.517845443717225518e+00
-1.510130597199807134e+00
-1.497972457418930814e+00
-1.480849206248250116e+00
-1.458297380519512298e+00
-1.430027266112057216e+00
-1.396004540990130938e+00
-1.356479418725843100e+00
-1.311965900589298073e+00
-1.263190553113415993e+00
-1.211022888936170494e+00
-1.156399211791395487e+00
-1.100252073215260751e+00
-1.043458804045326538e+00
-9.868060941487871718e-01
-9.309649775910231462e-01
-8.764842785551403281e-01
-8.237946755098946028e-01
-7.732150438329898900e-01
-7.249654839190444733e-01
-6.791821994450226718e-01
-6.359310764081308465e-01
-5.952232253297218278e-01
-5.570254163444698925e-01
-5.212706877781522197e-01
-4.878711654644034001e-01
-4.567223238515177308e-01
-4.277080008805037581e-01
-4.007082262506520554e-01
-3.756022883396186729e-01
-3.885840588288240749e-01
-4.151735100561568803e-01
-4.438355707806825867e-01
-4.747112227662551032e-01
-5.079410672879403066e-01
-5.436614108080040086e-01
-5.819984677330287681e-01
-6.230607458336703264e-01
-6.669297760161170263e-01
-7.136493643730710268e-01
-7.632109919529352915e-01
-8.155370910078049151e-01
-8.704656880735742730e-01
-9.277287962371314478e-01
-9.869303173616175151e-01
-1.047529520802954917e+00
-1.108828485536220043e+00
-1.169965441893120017e+00
-1.229924343121948205e+00
-1.287567475338139200e+00
-1.341689525181732900e+00
-1.391103151631252643e+00
-1.434746471093981013e+00
-1.471805296707403343e+00
-1.501839150541376400e+00
-1.524870336597091480e+00
-1.541409033825375197e+00
-1.552393968807001201e+00
-1.559038116820092412e+00
-1.562596041901150201e+00
-1.564100324866988911e+00
-1.564131696696826390e+00
-1.562684583236395142e+00
-1.559168881344655810e+00
-1.552546280095443043e+00
-1.541559946627926392e+00
-1.524997755899502039e+00
-1.501924491645820758e+00
-1.471837473792448225e+00
-1.434723692070925871e+00
-1.391029484371988367e+00
-1.341572853803791432e+00
-1.287419537072046261e+00
-1.229758218555674798e+00
-1.169793048440143979e+00
-1.108660585639284157e+00
-1.047374089654891538e+00
-9.867924083253629686e-01
-9.276129749041677197e-01
-8.703743885406702852e-01
-8.154696353181121182e-01
-7.631666653038811088e-01
-7.136275533604065080e-01
-6.669284142985143493e-01
-6.230772541555253952e-01
-5.820300494315778783e-01
-5.437048311664052225e-01
-5.079938685830254208e-01
-4.747721799919170094e-01
-4.439034034296632791e-01
-4.152461524872761434e-01
-3.886601603138956085e-01
-4.015152385352053210e-01
-4.296034682805912608e-01
-4.599501387714372558e-01
-4.927157868302530774e-01
-5.280630267260749688e-01
-5.661517192771422513e-01
-6.071301595984703869e-01
-6.511258545913833906e-01
-6.982369347260721781e-01
-7.485162065946189269e-01
-8.019530014420801489e-01
-8.584539060598128657e-01
-9.178177360725192635e-01
-9.797069998118259626e-01
-1.043618211272539842e+00
-1.108855036931645888e+00
-1.174507482279536941e+00
-1.239437654831045954e+00
-1.302290745823254658e+00
-1.361538929549981347e+00
-1.415560210117393858e+00
-1.462768926421621707e+00
-1.501789699194179040e+00
-1.531667195398649817e+00
-1.552085585951834990e+00
-1.563533973739642757e+00
-1.567365476084989551e+00
-1.565695556221745832e+00
-1.561115711345511414e+00
-1.556252081763186634e+00
-1.553247022755852136e+00
-1.553301582208238107e+00
-1.556407316542963493e+00
-1.561347482513632201e+00
-1.565970140371325536e+00
-1.567644820036601550e+00
-1.563780168743208687e+00
-1.552268623293247440e+00
-1.531768798589680181e+00
-1.501804661133562258e+00
-1.462703680608957058e+00
-1.415428046322247724e+00
-1.361356842279580537e+00
-1.302077316871707469e+00
-1.239210787490046428e+00
-1.174283337094243151e+00
-1.108645096294235799e+00
-1.043429430590327556e+00
-9.795459615964892119e-01
-9.176879585526950267e-01
-8.583542718763705892e-01
-8.018816277105500490e-01
-7.484719803399096927e-01
-6.982181346202350758e-01
-6.511291263248790706e-01
-6.071519389178180459e-01
-5.661887403574543676e-01
-5.281117879235605050e-01
-4.927743307604804945e-01
-4.600175644505815065e-01
-4.296772603970668847e-01
-4.015927933684177442e-01
-4.142345272326784511e-01
-4.438279296848138822e-01
-4.758699222354500491e-01
-5.105434590536093165e-01
-5.480349047021327857e-01
-5.885278922754435538e-01
-6.321925118210276473e-01
-6.791773810531449573e-01
-7.295958520457237473e-01
-7.835064112742187170e-01
-8.408918926618920153e-01
-9.016313447788961710e-01
-9.654661286595451752e-01
-1.031960242210091527e+00
-1.100457446233012115e+00
-1.170039931851721837e+00
-1.239490597385069170e+00
-1.307266869831584799e+00
-1.371507152428095733e+00
-1.430083010385246878e+00
-1.480712980718543292e+00
-1.521158245767780803e+00
-1.549504092461428950e+00
-1.564520079362679894e+00
-1.566048532648225411e+00
-1.555329605267516957e+00
-1.535151415538628550e+00
-1.509704344286612709e+00
-1.484075788247549710e+00
-1.463419332566804343e+00
-1.451951023838288446e+00
-1.452040962270898961e+00
-1.463676003672750525e+00
-1.484462241877674504e+00
-1.510167303779125447e+00
-1.535629722535543973e+00
-1.555763143358341205e+00
-1.566389129848063444e+00
-1.564737746810298313e+00
-1.549588929902522061e+00
-1.521118977818151308e+00
-1.480569816290381535e+00
-1.429861455659486857e+00
-1.371235480560121678e+00
-1.306972179894355879e+00
-1.239195614287673219e+00
-1.169761268304173374e+00
-1.100205854507979364e+00
-1.031743557123889321e+00
-9.652887065314657011e-01
-9.014921374903706042e-01
-8.407878844038012556e-01
-7.834361051511689045e-01
-7.295564628447126498e-01
-6.791648646801977662e-01
-6.322027749222368653e-01
-5.885567014156917187e-01
-5.480790672276052433e-01
-5.106000893767921323e-01
-4.759361643586088597e-01
-4.439007736680294913e-01
-4.143122227335372387e-01
-4.266476081087041128e-01
-4.577391503036181142e-01
-4.914724387958284701e-01
-5.280545059996014645e-01
-5.676968888443112427e-01
-6.106064638005982426e-01
-6.569753634859043512e-01
-7.069742468853924544e-01
-7.607299378319931638e-01
-8.183021620081126768e-01
-8.796593255678855083e-01
-9.446378921567684106e-01
-1.012897159670899327e+00
-1.083863424671581921e+00
-1.156666863649546739e+00
-1.230076770356698823e+00
-1.302434991077372484e+00
-1.371606795786128430e+00
-1.434970429448748863e+00
-1.489469302183081378e+00
-1.531764829638250891e+00
-1.558522194323965326e+00
-1.566859271848621393e+00
-1.554958032794377942e+00
-1.522761697216561849e+00
-1.472622278951441377e+00
-1.409676750451561045e+00
-1.341693842878192822e+00
-1.278220483905253779e+00
-1.229039194129624590e+00
-1.202229819612841144e+00
-1.202367409084796446e+00
-1.229434206490308101e+00
-1.278822049308706132e+00
-1.342424214299509533e+00
-1.410443280683465694e+00
-1.473332828763897595e+00
-1.523340093256386973e+00
-1.555355866728827863e+00
-1.567058498299110703e+00
-1.558532966012250665e+00
-1.531617687014793061e+00
-1.489203408263665818e+00
-1.434627654988201106e+00
-1.371226726761775039e+00
-1.302049974868685567e+00
-1.229711104824843027e+00
-1.156336213638444299e+00
-1.083577024445193437e+00
-1.012660390311317826e+00
-9.444498215261075691e-01
-8.795159642343068906e-01
-8.182009952115996132e-01
-7.606668097038258303e-01
-7.069442932262568480e-01
-6.569724788137973892e-01
-6.106249708439153157e-01
-5.677347114287689678e-01
-5.281078476254285059e-01
-4.915362999354233042e-01
-4.578103061857805023e-01
-4.267250894194094535e-01
-4.386553107996631340e-01
-4.712230224900051390e-01
-5.066275403118499776e-01
-5.450999047963618338e-01
-5.868761078807434028e-01
-6.321875661687725856e-01
-6.812504319194072622e-01
-7.342536578748160014e-01
-7.913350583225216006e-01
-8.525519305273446813e-01
-9.178461104828534722e-01
-9.869926320199400305e-01
-1.059537347537966356e+00
-1.134718514204373196e+00
-1.211373708754100331e+00
-1.287836266496542592e+00
-1.361824620542523512e+00
-1.430347000698629412e+00
-1.489649301747823174e+00
-1.535247281441564970e+00
-1.562108280937339888e+00
-1.565051547436766555e+00
-1.539439912084676676e+00
-1.482193139726649900e+00
-1.393044202099586570e+00
-1.275822653044408117e+00
-1.139356333155116197e+00
-9.974609803328311486e-01
-8.675718751677029550e-01
-7.679277494347722666e-01
-7.138251917497807630e-01
-7.140141220129281319e-01
-7.684763165538028851e-01
-8.684240373346514552e-01
-9.985208888880655609e-01
-1.140497415543042736e+00
-1.276909009309753928e+00
-1.393955890611132675e+00
-1.482848871616751163e+00
-1.539806266630835641e+00
-1.565140119333586544e+00
-1.561963770928814998e+00
-1.534928647063261486e+00
-1.489217677460612732e+00
-1.429859236454556370e+00
-1.361326932315046534e+00
-1.287362641094418780e+00
-1.210945177010912754e+00
-1.134346260128578532e+00
-1.059227604959779301e+00
-9.867447122987894614e-01
-9.176550982170512683e-01
-8.524134113714406658e-01
-7.912430933644031272e-01
-7.342015781559266818e-01
-6.812311023429648005e-01
-6.321949282586392105e-01
-5.869064320292909365e-01
-5.451480497259325597e-01
-5.066885102235870741e-01
-4.712934178870217261e-01
-4.387331128776098543e-01
-4.501557409714482261e-01
-4.841618177541747170e-01
-5.211985296858940853e-01
-5.615208872678880692e-01
-6.053890003616627657e-01
-6.530591447143734296e-01
-7.047717741281018800e-01
-7.607314850419466534e-01
-8.210827925178540987e-01
-8.858743955143079107e-01
-9.550082764556099280e-01
-1.028174941811734300e+00
-1.104769372985389353e+00
-1.183779863402939059e+00
-1.263651041252637608e+00
-1.342123508995947567e+00
-1.416051834997933412e+00
-1.481226318214812210e+00
-1.532234572558099472e+00
-1.562425889313746374e+00
-1.564086009284242129e+00
-1.528953567451921458e+00
-1.449232501711763099e+00
-1.319223555462412989e+00
-1.137546728186577427e+00
-9.096433614772736487e-01
-6.498501539735805910e-01
-3.819748026128387819e-01
-1.372802149432791607e-01
5.056637727600465232e-02
1.527415618124770280e-01
1.525389295459955996e-01
4.995605630236450018e-02
-1.382859282788805877e-01
-3.833097421288066409e-01
-6.513752164017133639e-01
-9.111679031835944187e-01
-1.138878211726943590e+00
-1.320218376608930599e+00
-1.449824102250338864e+00
-1.529149858022155639e+00
-1.563947264369234480e+00
-1.562038079786281841e+00
-1.531688161587274166e+00
-1.480602086834981623e+00
-1.415413096851087182e+00
-1.341515656732797934e+00
-1.263102076319641220e+00
-1.183303699250880747e+00
-1.104372143408951068e+00
-1.027855636517729376e+00
-9.547607860530715751e-01
-8.856921530167760626e-01
-8.209573118218167487e-01
-7.606530388999113157e-01
-7.047330366853472583e-01
-6.530535678366817809e-01
-6.054097158491256181e-01
-5.615622053504204514e-01
-5.212557976488050304e-01
-4.842307745038535449e-01
-4.502334147419179144e-01
-4.610446788470738966e-01
-4.964345055634925563e-01
-5.350440484118801354e-01
-5.771520661957854070e-01
-6.230440254494653551e-01
-6.730002252861009282e-01
-7.272819915326826923e-01
-7.861091294519081396e-01
-8.496283029476269233e-01
-9.178693201170606830e-01
-9.906806687971849712e-01
-1.067642721833668373e+00
-1.147956300075254177e+00
-1.230287967240480951e+00
-1.312570396948900875e+00
-1.391760324167724105e+00
-1.463545407915353813e+00
-1.522027919345983360e+00
-1.559425206045649936e+00
-1.565874347927346477e+00
-1.529508363265493998e+00
-1.437027836078225373e+00
-1.275079071426386212e+00
-1.032769569775593199e+00
-7.054653747214145731e-01
-2.995434439866367371e-01
1.630366581658116709e-01
6.424304220905748819e-01
1.083412718969901878e+00
1.424224130370521202e+00
1.610593954152716112e+00
1.610541118237803548e+00
1.423971063427333927e+00
1.082757079834669511e+00
6.412389187685066938e-01
1.613736636448800110e-01
-3.014258672677196937e-01
-7.072411087314491862e-01
-1.034165409541215386e+00
-1.275949033393361187e+00
-1.437356092413413666e+00
-1.529370063895387322e+00
-1.565390580506758500e+00
-1.558726226794965752e+00
-1.521226647101276530e+00
-1.462726590379699765e+00
-1.390983713801631882e+00
-1.311872728688638023e+00
-1.229685780893883917e+00
-1.147454733087847289e+00
-1.067238910138458952e+00
-9.903665204412905876e-01
-9.176359509940219539e-01
-8.494644561914890257e-01
-7.860023154315675109e-01
-7.272226281488449739e-01
-6.729797751830375319e-01
-6.230541828896003498e-01
-5.771861633548718284e-01
-5.350962025287555601e-01
-4.965000938203277259e-01
-4.611211954072256258e-01
-4.712170311127168998e-01
-5.079179252516455856e-01
-5.480207338989766530e-01
-5.918275740619495240e-01
-6.396480056657397606e-01
-6.917850841206100165e-01
-7.485188209057289654e-01
-8.100816442611460388e-01
-8.766175115584942112e-01
-9.481272887755491929e-01
-1.024390229090872406e+00
-1.104851185913376721e+00
-1.188470387308134368e+00
-1.273513145101706989e+00
-1.357269372610443448e+00
-1.435692726276251108e+00
-1.502944806605501782e+00
-1.550861678386990850e+00
-1.568377039546065221e+00
-1.541012688992686952e+00
-1.450664758543194210e+00
-1.276046237037860021e+00
-9.943574560788908112e-01
-5.849109148874406250e-01
-3.531437627041075777e-02
6.498371401552847093e-01
1.439339178846280376e+00
2.268664186974413077e+00
3.041774975156506855e+00
3.646024790284902117e+00
3.979182149897178888e+00
3.979771284345875682e+00
3.647395604353717680e+00
3.043014137530585028e+00
2.268952027935776883e+00
1.438415179844056535e+00
6.480260363618914887e-01
-3.740079842931693516e-02
-5.867087781790600864e-01
-9.955339514114371902e-01
-1.276513906245912988e+00
-1.450505942990428121e+00
-1.540390701026345566e+00
-1.567471607782335630e+00
-1.549827859789875584e+00
-1.501895880311084230e+00
-1.434705890040891996e+00
-1.356390116845688665e+00
-1.272759392910459697e+00
-1.187845382300676267e+00
-1.104349249996583904e+00
-1.023999925693219293e+00
-9.478356121856994498e-01
-8.764094665313667543e-01
-8.099426728275607168e-01
-7.484367050335726246e-01
-6.917485708263246824e-01
-6.396473740259641660e-01
-5.918545748392752825e-01
-5.480682533498935083e-01
-5.079808126368398069e-01
-4.712925464886755789e-01
-4.805691208211713694e-01
-5.184905976013498563e-01
-5.599875001704963662e-01
-6.053830508137113542e-01
-6.550080440224259615e-01
-7.091870788722316465e-01
-7.682182281436789051e-01
-8.323419448565803069e-01
-9.016942276294052094e-01
-9.762389708772374330e-01
-1.055670601640231521e+00
-1.139273730042638100e+00
-1.225722929344269074e+00
-1.312803193716592043e+00
-1.397026784710327485e+00
-1.473113234789923176e+00
-1.533306269642433328e+00
-1.566515674818774073e+00
-1.557301981903852717e+00
-1.484812772085324806e+00
-1.321944370498375543e+00
-1.035259772836324643e+00
-5.866034107585860191e-01
6.218154117391244684e-02
9.398295134630584302e-01
2.050570618485149765e+00
3.354927254533662584e+00
4.752765064711502063e+00
6.080400143707734628e+00
7.134054456382662224e+00
7.721376822281174057e+00
7.723860820147432804e+00
7.140256641650749359e+00
6.087408408065432042e+00
4.757843777885753411e+00
3.356908871891476132e+00
2.049933046420708393e+00
9.378542552967845669e-01
6.008906291315361387e-02
-5.880686860865631527e-01
-1.035843460468536259e+00
-1.321714541392653430e+00
-1.483982879010295797e+00
-1.556114572284144515e+00
-1.565177908677167107e+00
-1.531966433061798361e+00
-1.471867658761049746e+00
-1.395928209765586736e+00
-1.311869899209796575e+00
-1.224954704539958250e+00
-1.138660279854815549e+00
-1.055195195919213624e+00
-9.758827264150711223e-01
-9.014375489932708874e-01
-8.321672067277390283e-01
-7.681107959505273364e-01
-7.091328025341883112e-01
-6.549945157238871163e-01
-6.054014158877045748e-01
-5.600309156724565529e-01
-5.185526121853129000e-01
-4.806445751656758247e-01
-4.890027337141668040e-01
-5.280378884266857531e-01
-5.708084923574892056e-01
-6.176572697783309085e-01
-6.689352466314212320e-01
-7.249860365564049225e-01
-7.861228923272646218e-01
-8.525906051419833709e-01
-9.245128381524568839e-01
-1.001810259568057360e+00
-1.084080125644392822e+00
-1.170423535213643618e+00
-1.259191945165455406e+00
-1.347623697030295720e+00
-1.431330339545774821e+00
-1.503580367924951755e+00
-1.554314718382203697e+00
-1.568837689491181520e+00
-1.526158571816799814e+00
-1.397041445075459798e+00
-1.142035656909768271e+00
-7.101657346422257655e-01
-3.966706173867533269e-02
9.368202336047470880e-01
2.279170105782429623e+00
4.015376635304978237e+00
6.105629801261849288e+00
8.403689155533582422e+00
1.063846242380913942e+01
1.244649405460593883e+01
1.346805638872380939e+01
1.347513148777604997e+01
1.246440365672537531e+01
1.065943089785080389e+01
8.420365356814633273e+00
6.114798842318010408e+00
4.018006946747826547e+00
2.278099333032245433e+00
9.346631770885499568e-01
-4.135115351139048712e-02
-7.107999152258532849e-01
-1.141642021701930965e+00
-1.395896518274327924e+00
-1.524585085581308341e+00
-1.567105401268174436e+00
-1.552611375007759253e+00
-1.502020262054579058e+00
-1.429970386293995421e+00
-1.346480790348739021e+00
-1.258260544076022613e+00
-1.169685114762661460e+00
-1.083509867199042187e+00
-1.001383166987348305e+00
-9.242043270242197295e-01
-8.523779764514216595e-01
-7.859876693616880683e-01
-7.249116152304017069e-01
-6.689076132265159291e-01
-6.176671101728433699e-01
-5.708477886660691114e-01
-5.280984874577857591e-01
-4.890778644649664275e-01
-4.964259507590425557e-01
-5.364517342389152343e-01
-5.803552087768095724e-01
-6.284981832558743653e-01
-6.812505087911100432e-01
-7.389719815364129696e-01
-8.019876973919277674e-01
-8.705441577027686062e-01
-9.447490474858568632e-01
-1.024474841415196291e+00
-1.109213660252992284e+00
-1.197869146030017262e+00
-1.288446096303946797e+00
-1.377590848265465517e+00
-1.459927399621057553e+00
-1.527106304993051111e+00
-1.566447563649553398e+00
-1.559055942166208908e+00
-1.477290006547084200e+00
-1.281526996260125451e+00
-9.163988803080667100e-01
-3.072119705198285144e-01
6.416621670267782518e-01
2.042773734085421289e+00
4.009737473733812507e+00
6.621284306560285771e+00
9.859306676781605105e+00
1.352890984304345068e+01
1.719970853532336363e+01
2.023890603434384872e+01
2.198356213246270841e+01
2.199948217184452659e+01
2.027959853140125546e+01
1.724802187237844464e+01
1.356813245012084934e+01
9.882202845917277045e+00
6.630124953471334237e+00
4.010570661412817373e+00
2.040815023930228733e+00
6.398565084914861201e-01
-3.077842666104818603e-01
-9.156958367506695673e-01
-1.279913672009445946e+00
-1.475192160806483521e+00
-1.556817027100177775e+00
-1.564296367639923968e+00
-1.525171228620679109e+00
-1.458264119207398846e+00
-1.376209778134007022e+00
-1.287332473532011523e+00
-1.196993128782707139e+00
-1.108540189991766400e+00
-1.023971639626615637e+00
-9.443856226652851404e-01
-8.702918968894934881e-01
-8.018236141615247004e-01
-7.388774745212809414e-01
-6.812100716262812217e-01
-6.285004723527992665e-01
-5.803899211977656680e-01
-5.365094616720222920e-01
-4.964998957696276638e-01
-5.027533150235841131e-01
-5.436310341122884138e-01
-5.885095909504829415e-01
-6.377672835435818088e-01
-6.917904306298190420e-01
-7.509525035248785230e-01
-8.155877725743123641e-01
-8.859431145940465102e-01
-9.621076172078180111e-01
-1.043902305193631808e+00
-1.130713470816866906e+00
-1.221247902259562146e+00
-1.313159216299009335e+00
-1.402489097351273806e+00
-1.482844764751813926e+00
-1.544183508813839589e+00
-1.571032401859109306e+00
-1.539923981326316138e+00
-1.415787922736900795e+00
-1.147040008637589814e+00
-6.593035353583731606e-01
1.517002789030343635e-01
1.426159949966673057e+00
3.340254730930837468e+00
6.090598901470366755e+00
9.847279309003898362e+00
1.465740747539120648e+01
2.029657761944046612e+01
2.612266925417563712e+01
3.107629525873890231e+01
3.396926833240696197e+01
3.399488848229235316e+01
3.114490540098096716e+01
2.620852945870371542e+01
2.036848066717850259e+01
1.470009584052000839e+01
9.864683476111217431e+00
6.093886593271827579e+00
3.338553035280756198e+00
1.424302597408190429e+00
1.513527677040158170e-01
-6.580816965854225931e-01
-1.144754265865924658e+00
-1.412995512138600196e+00
-1.537048613611548653e+00
-1.568339943720761909e+00
-1.541810182442214572e+00
-1.480837903797523225e+00
-1.400844675993397237e+00
-1.311846542578380070e+00
-1.220224070791722681e+00
-1.129931785954217727e+00
-1.043319957986345692e+00
-9.616871856463609092e-01
-8.856507913845923508e-01
-8.153958192931186622e-01
-7.508389786171709712e-01
-6.917377646876206043e-01
-6.377614870701815430e-01
-5.885380767106418443e-01
-5.436848212190914520e-01
-5.028259321972310403e-01
-5.079100661146674911e-01
-5.494870237501980892e-01
-5.951667102956663680e-01
-6.453407365671884888e-01
-7.004095099313323303e-01
-7.607576319006983390e-01
-8.267258628822888866e-01
-8.985596919178613362e-01
-9.763289811748347979e-01
-1.059806292894368340e+00
-1.148280454169828158e+00
-1.240273687746716202e+00
-1.333109261841326276e+00
-1.422258753093160522e+00
-1.500358126215307397e+00
-1.555726029424908674e+00
-1.570146317797312285e+00
-1.515575283590164357e+00
-1.349336399037953438e+00
-1.007267910253307530e+00
-3.943648951592702567e-01
6.270037820477583068e-01
2.249649922960093029e+00
4.729382395920357141e+00
8.374942767792319387e+00
1.349494470373601551e+01
2.026475084566667206e+01
2.848371410433061612e+01
3.727295533653722970e+01
4.496028994833072545e+01
4.951584337800357360e+01
4.952589495008523102e+01
4.501145952119981075e+01
3.736984617357883565e+01
2.858074006707843751e+01
2.032551867514485977e+01
1.351975104351211066e+01
8.379761180955000555e+00
4.727515399832482146e+00
2.247748344469812309e+00
6.271106017591459025e-01
-3.923388903015117002e-01
-1.004054199349285081e+00
-1.345652179582928820e+00
-1.511924461855619128e+00
-1.566819696636432724e+00
-1.552854362632717145e+00
-1.497971153443314662e+00
-1.420330693277650491e+00
-1.331587058739977847e+00
-1.239096825456922124e+00
-1.147388371876830959e+00
-1.059144393762131653e+00
-9.758515897106840864e-01
-8.982275989832742003e-01
-8.265066652562984562e-01
-7.606254433890873301e-01
-7.003448234757749802e-01
-6.453274281880820862e-01
-5.951899361245300835e-01
-5.495376942456553504e-01
-5.079816760806438181e-01
-5.118342011400658365e-01
-5.539458236366540111e-01
-6.002390841052741566e-01
-6.511158494722388834e-01
-7.069862441034368006e-01
-7.682441787354796769e-01
-8.352356694713019003e-01
-9.082021939928799359e-01
-9.871965940155388308e-01
-1.071952444879740618e+00
-1.161675992509421107e+00
-1.254731773221601898e+00
-1.348163461335991187e+00
-1.436956567304930488e+00
-1.512909335102103459e+00
-1.562913072135600157e+00
-1.566331099321226494e+00
-1.491020221522410871e+00
-1.287360173846732625e+00
-8.794505480235625949e-01
-1.525284013551430062e-01
1.064003052137013405e+00
3.016980786526659131e+00
6.047852368153699310e+00
1.059326304762512194e+01
1.713340293889009303e+01
2.602873681759029978e+01
3.717476131150672813e+01
4.948244469457889494e+01
6.050966132526735919e+01
6.705442282380298025e+01
6.695857771603073161e+01
6.038108925982947994e+01
4.948950062993813503e+01
3.725797290793239114e+01
2.609319567457778533e+01
1.715922324692973433e+01
1.059678904445921432e+01
6.044918600065237513e+00
3.015053427137026620e+00
1.064905361447514132e+00
-1.493243022720371072e-01
-8.750071549368478863e-01
-1.282572283174767014e+00
-1.486459357235224932e+00
-1.562290795343169059e+00
-1.559498130734308541e+00
-1.510118051066957845e+00
-1.434733384193949579e+00
-1.346428825578584343e+00
-1.253402301439338062e+00
-1.160674613578936309e+00
-1.071213463825591461e+00
-9.866651927922598375e-01
-9.078319160988678194e-01
-8.349901584823478107e-01
-7.680953146898047423e-01
-7.069110713168448301e-01
-6.510959122282209410e-01
-6.002592056862184888e-01
-5.539952940863079878e-01
-5.119053200367439382e-01
-5.144776348592436932e-01
-5.569509834034240825e-01
-6.036603013057666445e-01
-6.550138693211675633e-01
-7.114276458988534335e-01
-7.733019849395790235e-01
-8.409864616954474403e-01
-9.147199875513911671e-01
-9.945441853775212060e-01
-1.080163198801340929e+00
-1.170722175452405533e+00
-1.264473148553060255e+00
-1.358256977769175755e+00
-1.446702670899118193e+00
-1.520993036734526127e+00
-1.566961380250911695e+00
-1.562156117338427741e+00
-1.471323470520850218e+00
-1.239499985286775630e+00
-7.815982718538717622e-01
3.292383184925037898e-02
1.401632415326007575e+00
3.616846346895064013e+00
7.094598882598267764e+00
1.238752567139222549e+01
2.013944187411311049e+01
3.090160189111792732e+01
4.469761955070246984e+01
6.027423042053662527e+01
7.439134874689435151e+01
8.262500873762078868e+01
8.233674467601981917e+01
7.394457702519162012e+01
6.012311284260774613e+01
4.474234015934774789e+01
3.095613019716201109e+01
2.015828035470399016e+01
1.238626011708660712e+01
7.089732994166960012e+00
3.615126149815486301e+00
1.403835016037007222e+00
3.775648816479176828e-02
-7.756092815315196454e-01
-1.233414285322970816e+00
-1.465744314718119945e+00
-1.557347956213165796e+00
-1.562981459037240617e+00
-1.517792374529819188e+00
-1.444185785810594203e+00
-1.356314274097462969e+00
-1.262997389433222928e+00
-1.169618365874247834e+00
-1.079353118172622805e+00
-9.939640859519783822e-01
-9.143165015923890859e-01
-8.407186268839844656e-01
-7.731386847281358499e-01
-7.113427715410187702e-01
-6.549875757533671905e-01
-6.036771088804580021e-01
-5.569990035450200772e-01
-5.145484552351597962e-01
-5.158077587938907360e-01
-5.584643005177283293e-01
-6.053844832212689209e-01
-6.569789902550099425e-01
-7.136678337878956668e-01
-7.758547498025160083e-01
-8.438899244026153434e-01
-9.180127591251814323e-01
-9.982598945445732008e-01
-1.084318311235404231e+00
-1.175302344085189965e+00
-1.269406525447620560e+00
-1.363365083093235341e+00
-1.451620174033820154e+00
-1.525030619375716157e+00
-1.568868475169061583e+00
-1.559710105080300835e+00
-1.460617676982795210e+00
-1.213706490688336137e+00
-7.288025279762813113e-01
1.335119927251109118e-01
1.586248403655357686e+00
3.948316281539611339e+00
7.680372666133065351e+00
1.340613126052199000e+01
2.187181036781997534e+01
3.374918302235568746e+01
4.913687407610003532e+01
6.664173096488806891e+01
8.246869126483932178e+01
9.154598185344136141e+01
9.121477126100350574e+01
8.198669539178989396e+01
6.651721906709892096e+01
4.920134535143456844e+01
3.379804493075688754e+01
2.187905871239252775e+01
1.339777887660217992e+01
7.673455733876709317e+00
3.947449118006920443e+00
1.590418586724666516e+00
1.404436003370790331e-01
-7.209937002091106883e-01
-1.206186634134035707e+00
-1.453964247268073606e+00
-1.554121257521067001e+00
-1.564333444722225908e+00
-1.521439771084310388e+00
-1.448829877786647513e+00
-1.361231773246645238e+00
-1.267799200639939894e+00
-1.174108848686164386e+00
-1.083446974879750613e+00
-9.976378446867470995e-01
-9.175817723285524252e-01
-8.436042838039095049e-01
-7.756791351255816203e-01
-7.135748860582484809e-01
-6.569480020983891055e-01
-6.053985370916580289e-01
-5.585110851349852634e-01
-5.158787443741219558e-01
-5.158079079820421242e-01
-5.584651341194696306e-01
-6.053866160856126166e-01
-6.569825750693676358e-01
-7.136732524737098293e-01
-7.758631932295050326e-01
-8.439025449287779201e-01
-9.180311758084845897e-01
-9.982863896245999236e-01
-1.084356313671577698e+00
-1.175357324961097794e+00
-1.269485595193913463e+00
-1.363477805477015803e+00
-1.451780126605607180e+00
-1.525256465257720517e+00
-1.569185462414107501e+00
-1.560149408121124681e+00
-1.461209700557328128e+00
-1.214465911405269605e+00
-7.296873229816941420e-01
1.327068020389972625e-01
1.586130675257413802e+00
3.950398191244975710e+00
7.687998408267298522e+00
1.342577620623578305e+01
2.191346551827633604e+01
3.382069485442460177e+01
4.922105570947064734e+01
6.665912505527131771e+01
8.232523509775859338e+01
9.134240233016242883e+01
9.121565519480148510e+01
8.222609841897813965e+01
6.677706040230262374e+01
4.935229534451868005e+01
3.386288579300872215e+01
2.190541904492461001e+01
1.340986600463320144e+01
7.680020437690268764e+00
3.951454821403808992e+00
1.592991307071924822e+00
1.421200742115573956e-01
-7.199014088051201021e-01
-1.205478232601875144e+00
-1.453506784533527885e+00
-1.553827209490619143e+00
-1.564145622906232269e+00
-1.521321139708107673e+00
-1.448755530260753099e+00
-1.361185001288654606e+00
-1.267770337690188320e+00
-1.174091819597016695e+00
-1.083437466688555117e+00
-9.976327096738033529e-01
-9.175791151146009961e-01
-8.436030320575687025e-01
-7.756789065125441196e-01
-7.135755351127364143e-01
-6.569491746855393721e-01
-6.054003833598355921e-01
-5.585131047102693813e-01
-5.158801925666385291e-01
-5.144783659738484394e-01
-5.569538608959696546e-01
-6.036665341274466412e-01
-6.550242550736093960e-01
-7.114434875375126310e-01
-7.733263083244926728e-01
-8.410222502715967163e-01
-9.147721752532530504e-01
-9.946211880132582728e-01
-1.080275494630557276e+00
-1.170884001249405504e+00
-1.264705221321671402e+00
-1.358587600574920673e+00
-1.447171089578792369e+00
-1.521654561760929614e+00
-1.567889198083500801e+00
-1.563439516911867777e+00
-1.473053479011775746e+00
-1.241726706452328521e+00
-7.842177643345589200e-01
3.045345962993787833e-02
1.400927928689151392e+00
3.621909578929544793e+00
7.114186639814134239e+00
1.243835963816423984e+01
2.024690168136983814e+01
3.108542943837217720e+01
4.491768747329966516e+01
6.034625934212817810e+01
7.407779338571245376e+01
8.207105301772958228e+01
8.210476873293085021e+01
7.422760004149759538e+01
6.055134722246583578e+01
4.502568085374309703e+01
3.109122149879364372e+01
2.021894631585154656e+01
1.241659407764162104e+01
7.107220828962088177e+00
3.626162758894508897e+00
1.411053447238396652e+00
4.251029329798811096e-02
-7.724907394772715374e-01
-1.231381830408104339e+00
-1.464427141219149187e+00
-1.556498761228918060e+00
-1.562437261542508837e+00
-1.517446322804607117e+00
-1.443967269429374367e+00
-1.356176776656464966e+00
-1.262912266165300057e+00
-1.169567955255695679e+00
-1.079325099949549394e+00
-9.939486841640250425e-01
-9.143083183827656057e-01
-8.407154011263959781e-01
-7.731386354184550669e-01
-7.113450010027101422e-01
-6.549912677324473131e-01
-6.036817155142897295e-01
-5.570035087363567339e-01
-5.145521552937502019e-01
-5.118352408727229186e-01
-5.539500928189293738e-01
-6.002485534377572929e-01
-6.511323052188484617e-01
-7.070113650325904331e-01
-7.682826490007272913e-01
-8.352928322500248193e-01
-9.082853670658246337e-01
-9.873194109941920704e-01
-1.072132521456319099e+00
-1.161935319644919584e+00
-1.255102471945800158e+00
-1.348690663702366788e+00
-1.437702610721563801e+00
-1.513961329934112587e+00
-1.564385284757169980e+00
-1.568362778364641663e+00
-1.493759831274633854e+00
-1.290905487358195547e+00
-8.836904422219875599e-01
-1.567653280852755460e-01
1.061884256698964357e+00
3.022169221526199934e+00
6.071471179975495680e+00
1.065595879745845842e+01
1.726544176492960503e+01
2.625297036698029984e+01
3.744965471530976231e+01
4.962204880526105910e+01
6.025481352437475380e+01
6.644226856610660548e+01
6.646261910168371401e+01
6.031504777951367657e+01
4.967443252614924631e+01
3.744126529539651926e+01
2.620488673851293981e+01
1.722108067003693677e+01
1.063330127183509077e+01
6.068322441537516987e+00
3.030710390817794142e+00
1.075476774493012266e+00
-1.422286571249952447e-01
-8.702923918442679874e-01
-1.279469965130555220e+00
-1.484434248267439971e+00
-1.560978024207562154e+00
-1.558652715395431487e+00
-1.509576224017304735e+00
-1.434388515947830900e+00
-1.346211823345683012e+00
-1.253267563692500586e+00
-1.160593775435621477e+00
-1.071167714613597166e+00
-9.866400691234509246e-01
-9.078191230953903679e-01
-8.349860471411868490e-01
-7.680967943444346746e-01
-7.069157159896077847e-01
-6.511023729904974466e-01
-6.002662062660474307e-01
-5.540015439174637013e-01
-5.119109595003816793e-01
-5.079109254170233179e-01
-5.494917946107911177e-01
-5.951780436371859606e-01
-6.453613697696820584e-01
-7.004420934542059385e-01
-7.608088893341886649e-01
-8.268033616709959954e-01
-8.986723325403955798e-01
-9.764927798439220208e-01
-1.060043980485064985e+00
-1.148622412229886258e+00
-1.240761751730063978e+00
-1.333801650921606408e+00
-1.423236661231419564e+00
-1.501732251352989600e+00
-1.557641732596937612e+00
-1.572783289791579442e+00
-1.519131952556621590e+00
-1.353965858880443740e+00
-1.012910756728814476e+00
-4.003703494874496505e-01
6.226870136285449497e-01
2.252009712206797243e+00
4.748808842243485984e+00
8.429929668683847410e+00
1.361118414083532535e+01
2.046044667388470373e+01
2.872846576480990421e+01
3.743898373347740716e+01
4.486754620084530387e+01
4.914148395703630712e+01
4.911612188605703011e+01
4.480410098635291405e+01
3.735470732621310930e+01
2.863777327881628665e+01
2.038495036369355873e+01
1.356570362999407564e+01
8.413504274543825545e+00
4.752031958639402198e+00
2.265297873920423921e+00
6.394221811766731545e-01
-3.838741662287405987e-01
-9.983337123548691183e-01
-1.341838180369679723e+00
-1.509408024800968251e+00
-1.565174110469496505e+00
-1.551786493442335324e+00
-1.497282182692392327e+00
-1.419890354537774790e+00
-1.331309734238915521e+00
-1.238924302556586365e+00
-1.147283640932809767e+00
-1.059083784938451567e+00
-9.758188419998810037e-01
-8.982125250335334377e-01
-8.265027633737904722e-01
-7.606284947505188576e-01
-7.003516505175992890e-01
-6.453359627928689779e-01
-5.951993483372908234e-01
-5.495467072891777605e-01
-5.079897595235277619e-01
-5.027541623628305478e-01
-5.436368536889981673e-01
-5.885225999409544606e-01
-6.377909183444046004e-01
-6.918293283797258830e-01
-7.510144129873506103e-01
-8.156811360750395590e-01
-8.860798724879931365e-01
-9.623060060203854071e-01
-1.044186884318891284e+00
-1.131120217342792333e+00
-1.221826846624295859e+00
-1.313977545456100238e+00
-1.403640124560368463e+00
-1.484455367036418005e+00
-1.546419780192945348e+00
-1.574101501493488264e+00
-1.544060820039659498e+00
-1.421197947759299085e+00
-1.153753473587723732e+00
-6.668581430095594786e-01
1.449066626127174517e-01
1.424020134468332088e+00
3.350621314551258223e+00
6.126746394830826503e+00
9.926413933235988196e+00
1.479051349416465300e+01
2.046531472702759658e+01
2.625777611230108377e+01
3.108371967624617582e+01
3.382284737433906230e+01
3.378811450267471628e+01
3.099563543756054074e+01
2.615072568150158006e+01
2.037056919595275062e+01
1.472617056231557164e+01
9.895475574073483216e+00
6.121783461883474331e+00
3.361206796501041261e+00
1.441555005984895832e+00
1.639239726298667155e-01
-6.492112004814998283e-01
-1.138641242293876754e+00
-1.408855084127490054e+00
-1.534280084291763213e+00
-1.566508090264576936e+00
-1.540609113455687407e+00
-1.480057428177848688e+00
-1.400343469902941118e+00
-1.311529088577007451e+00
-1.220026482468812734e+00
-1.129812194729622910e+00
-1.043250447824761951e+00
-9.616501649587964051e-01
-8.856349968764498648e-01
-8.153927298917775790e-01
-7.508433049631366707e-01
-6.917462427533547231e-01
-6.377715068425823253e-01
-5.885488443349120580e-01
-5.436956711278579935e-01
-5.028360795692139451e-01
-4.964263074385177332e-01
-5.364578618564165291e-01
-5.803691459665148988e-01
-6.285240364226005738e-01
-6.812940351777234671e-01
-7.390409557630444048e-01
-8.020914104897221009e-01
-8.706975138660523195e-01
-9.449720093426989820e-01
-1.024793101097215109e+00
-1.109665928242154154e+00
-1.198509542881818213e+00
-1.289346753008846047e+00
-1.378851249275799606e+00
-1.461682816486425729e+00
-1.529533001798115688e+00
-1.569764626810626007e+00
-1.563516862554120923e+00
-1.483139556218853405e+00
-1.288890055404834589e+00
-9.250479706354616249e-01
-3.161208898958716151e-01
6.350497129491657899e-01
2.043476424616449627e+00
4.025793613064313270e+00
6.662340272936186025e+00
9.930729656790539650e+00
1.362094635221066063e+01
1.727995368707371782e+01
2.026542125485418921e+01
2.194046066791103300e+01
2.191682031314165613e+01
2.020545530597700434e+01
1.720859676153534323e+01
1.356168151710289393e+01
9.895656275123499768e+00
6.651631642812708911e+00
4.032825028066708839e+00
2.060304210405861980e+00
6.554289002295697886e-01
-2.960475536896980397e-01
-9.071970850105613993e-01
-1.273932311888053892e+00
-1.471068621659550324e+00
-1.554018059042883371e+00
-1.562421067659673257e+00
-1.523928818677514174e+00
-1.457449041048337168e+00
-1.375681826317457723e+00
-1.286995954101825212e+00
-1.196783407855044112e+00
-1.108414119199822689e+00
-1.023899276615978682e+00
-9.443481585916501109e-01
-8.702765640799301483e-01
-8.018211435094142470e-01
-7.388834938758548354e-01
-6.812210078497470400e-01
-6.285128029637709890e-01
-5.804024815703112683e-01
-5.365220396219656518e-01
-4.965119969781155440e-01
-4.890014887066006510e-01
-5.280427373918684664e-01
-5.708218669707795234e-01
-6.176834868548691793e-01
-6.689809899871518306e-01
-7.250594326929220568e-01
-7.862333738324136512e-01
-8.527535268663920531e-01
-9.247490165617068270e-01
-1.002147060739739137e+00
-1.084557784674822223e+00
-1.171096455878950504e+00
-1.260133198367523022e+00
-1.348933804690114702e+00
-1.433144006589996078e+00
-1.506072545693634579e+00
-1.557702684335582344e+00
-1.573376569464106867e+00
-1.532111759803402418e+00
-1.404604807652897414e+00
-1.151184559434427435e+00
-7.203775930534050964e-01
-4.951076069310498401e-02
9.301331039087932240e-01
2.279908052146502495e+00
4.028309199732648338e+00
6.133081833551099926e+00
8.441098023675280615e+00
1.067225186391478076e+01
1.245990052023086037e+01
1.345385465075860765e+01
1.344276121284631387e+01
1.243214032542417691e+01
1.064066650686306481e+01
8.418033230046173543e+00
6.124726444808390902e+00
4.034151697361954447e+00
2.295599598274342235e+00
9.506350609758412729e-01
-2.814333838563675555e-02
-7.005535878791759874e-01
-1.134036408183328293e+00
-1.390428190154296972e+00
-1.520744344571369089e+00
-1.564456350553827590e+00
-1.550813439029791851e+00
-1.500815761163673434e+00
-1.429171426237674680e+00
-1.345959044605782751e+00
-1.257927045770676155e+00
-1.169476841165933978e+00
-1.083384772764499182e+00
-1.001312420799869818e+00
-9.241691043441448983e-01
-8.523648523846092395e-01
-7.859868152329629876e-01
-7.249193662656694404e-01
-6.689210809668111324e-01
-6.176826187671475843e-01
-5.708634276920494521e-01
-5.281138216951157816e-01
-4.890922339593195556e-01
-4.805655616948164566e-01
-5.184935069795921780e-01
-5.599999947640440512e-01
-6.054091478956304950e-01
-6.550544582351527367e-01
-7.092617884156029451e-01
-7.683313894008165779e-01
-8.325086144913613762e-01
-9.019348205758231929e-01
-9.765810468853417525e-01
-1.056153902282003010e+00
-1.139951995077280067e+00
-1.226667194697261154e+00
-1.314109224594211422e+00
-1.398821482528429971e+00
-1.475561032842056086e+00
-1.536611931017720645e+00
-1.570920583875830889e+00
-1.563066167060734202e+00
-1.492167903399560958e+00
-1.330997496363349741e+00
-1.045832530703162622e+00
-5.980190775133709113e-01
5.129652661484467024e-02
9.315370748325628725e-01
2.047081228324771018e+00
3.357300057968243934e+00
4.759272864335157394e+00
6.086074059564314354e+00
7.133042928702839625e+00
7.711280221341107577e+00
7.708090321915850751e+00
7.125708993904241062e+00
6.079807408564718685e+00
4.759015824993017674e+00
3.365232458656456149e+00
2.062292611911997309e+00
9.513112264175178634e-01
7.264617341500567704e-02
-5.774148005699373254e-01
-1.027367645440670607e+00
-1.315273842636234924e+00
-1.479252736642701516e+00
-1.552728837121351457e+00
-1.562803681059433458e+00
-1.530331520081865682e+00
-1.470758145835550090e+00
-1.395185201953757392e+00
-1.311381836312307314e+00
-1.224641524352372279e+00
-1.138464694223141560e+00
-1.055078179001385674e+00
-9.758173113200379056e-01
-9.014060610700320719e-01
-8.321575345874780982e-01
-7.681132235460368385e-01
-7.091423404174834744e-01
-6.550092819004884603e-01
-6.054189950784720775e-01
-5.600489284325601558e-01
-5.185701010766738950e-01
-4.806606873379103417e-01
-4.712110335356419211e-01
-5.079182148497189964e-01
-5.480311850283825503e-01
-5.918524539521200500e-01
-6.396928116219195992e-01
-6.918569989705648515e-01
-7.486291245139551354e-01
-8.102454422338640772e-01
-8.768546568813007092e-01
-9.484637569292192483e-01
-1.024862538658096955e+00
-1.105510976200397399e+00
-1.189384519589184119e+00
-1.274768754419241867e+00
-1.358981458669885400e+00
-1.438008972713765488e+00
-1.506048765969387082e+00
-1.554970081844635699e+00
-1.573729070424175758e+00
-1.547841192267098487e+00
-1.459136005579158901e+00
-1.286170914981353608e+00
-1.005881986767727110e+00
-5.972250920832886667e-01
-4.746787608956611060e-02
6.388896633070800801e-01
1.430224616708456908e+00
2.261041074655320671e+00
3.034281470963885674e+00
3.637144825128219683e+00
3.968625078917841442e+00
3.969139701461682712e+00
3.639381847217481258e+00
3.039798406535703990e+00
2.271117952761583680e+00
1.444981145455555005e+00
6.572026925157570254e-01
-2.740697329957809264e-02
-5.772242498516735321e-01
-9.873057950880388400e-01
-1.269813786682444379e+00
-1.445299132164495015e+00
-1.536485081595634794e+00
-1.564621420325965184e+00
-1.547794809137767569e+00
-1.500474392776553589e+00
-1.433728767426124984e+00
-1.355729638089476330e+00
-1.272322567825199480e+00
-1.187564267031181897e+00
-1.104174030963468001e+00
-1.023896099353868605e+00
-9.477791479279884523e-01
-8.763837054244163483e-01
-8.099371243311402901e-01
-7.484429522883142560e-01
-6.917609109332312212e-01
-6.396636928459701332e-01
-5.918729730798968358e-01
-5.480874139247982058e-01
-5.079998936799140496e-01
-4.713100105488041702e-01
-4.610367313795827870e-01
-4.964327410247761918e-01
-5.350519534361385388e-01
-5.771736658320669733e-01
-6.230844129364787598e-01
-6.730668810242219635e-01
-7.273855558491034712e-01
-7.862641337080003012e-01
-8.498540794064887161e-01
-9.181899928004126910e-01
-9.911291269955651018e-01
-1.068265178605935617e+00
-1.148813126698304155e+00
-1.231457105200057800e+00
-1.314152799311838482e+00
-1.393883099110557966e+00
-1.466366085855807633e+00
-1.525732958316575516e+00
-1.564220548440754754e+00
-1.571968683562472435e+00
-1.537076727413671628e+00
-1.446159374859228741e+00
-1.285718194394775082e+00
-1.044664570779397117e+00
-7.181656466333592448e-01
-3.124914957112764347e-01
1.503216020989024404e-01
6.301809159565385787e-01
1.071617428884767520e+00
1.412898027164945391e+00
1.600155673214175289e+00
1.601931664499606001e+00
1.418316781215336775e+00
1.080801473989437156e+00
6.429654267815477775e-01
1.660373835600480741e-01
-2.949631801149510402e-01
-7.001221781169846281e-01
-1.027277978707043626e+00
-1.269839465453192373e+00
-1.432265997236528587e+00
-1.525325182657110812e+00
-1.562291755250997394e+00
-1.556420503787647069e+00
-1.519553020686386091e+00
-1.461538616058675188e+00
-1.390157273352997436e+00
-1.311308447582091752e+00
-1.229309661089810879e+00
-1.147212188292553225e+00
-1.067088257564631437e+00
-9.902786131976075712e-01
-9.175901201537124408e-01
-8.494457789685010418e-01
-7.860017510731457380e-01
-7.272330862336222612e-01
-6.729959960282637654e-01
-6.230732317146054910e-01
-5.772060518513477678e-01
-5.351166187153458820e-01
-4.965203107801355875e-01
-4.611396386987388629e-01
-4.501458552179461448e-01
-4.841584405815017034e-01
-5.212040367109929129e-01
-5.615384033237349470e-01
-6.054237993780409166e-01
-6.531191490623950990e-01
-7.048669062648623695e-01
-7.608744944683766276e-01
-8.212906715817716030e-01
-8.861701580870406936e-01
-9.554221959557764876e-01
-1.028746312664783114e+00
-1.105550428081158554e+00
-1.184838754228495716e+00
-1.265073777769015528e+00
-1.344015907250860398e+00
-1.418544082459727740e+00
-1.484472222593239632e+00
-1.536402269927390929e+00
-1.567687972657808348e+00
-1.570597454642149504e+00
-1.536817958370979786e+00
-1.458466284910527655e+00
-1.329721817446547050e+00
-1.149069046328345944e+00
-9.218382775401601226e-01
-6.623146575896308175e-01
-3.943086159058251661e-01
-1.490909168182846800e-01
3.971478668899249692e-02
1.433895847260943379e-01
1.452999630827822020e-01
4.534916364157449975e-02
-1.400452446144315743e-01
-3.824222211731519439e-01
-6.484074622445101799e-01
-9.068803070036577374e-01
-1.134024721106616340e+00
-1.315403853096523523e+00
-1.445449091504643624e+00
-1.525418738218289771e+00
-1.560913843922871802e+00
-1.559664172858344022e+00
-1.529888662050138848e+00
-1.479273961867799692e+00
-1.414456313359398143e+00
-1.340842070589420398e+00
-1.262638417202900820e+00
-1.182993302575821026e+00
-1.104171239480156608e+00
-1.027731792357402529e+00
-9.546907509735003128e-01
-8.856577111220180765e-01
-8.209463556853878741e-01
-7.606578689800542747e-01
-7.047473624420851346e-01
-6.530727878422963872e-01
-6.054305753759784414e-01
-5.615835168438236824e-01
-5.212774273530380587e-01
-4.842515734315642195e-01
-4.502524577138803941e-01
-4.386427492738034228e-01
-4.712168805048833065e-01
-5.066298305193099871e-01
-5.451134750653403582e-01
-5.869056192938009175e-01
-6.322398902645922636e-01
-6.813354375027839138e-01
-7.343821136105223024e-01
-7.915210826437252267e-01
-8.528170911615045036e-01
-9.182175227640572146e-01
-9.875039130180137681e-01
-1.060232355822078976e+00
-1.135654171921533617e+00
-1.212621563340567477e+00
-1.289482649802194514e+00
-1.363973467972652731e+00
-1.433119923442679911e+00
-1.493178836869108572e+00
-1.539668216125455791e+00
-1.567542179958464121e+00
-1.571586548368728131e+00
-1.547107179045315695e+00
-1.490940225836326238e+00
-1.402719556018348968e+00
-1.286175201613031893e+00
-1.150053090798713429e+00
-1.008110570199114875e+00
-8.777389821343373200e-01
-7.771495834757110588e-01
-7.216365625305195541e-01
-7.200039750285183171e-01
-7.723780131386024372e-01
-8.701952432939470405e-01
-9.983694767659037073e-01
-1.138833027356792815e+00
-1.274243610807072269e+00
-1.390793910254684906e+00
-1.479607023917869357e+00
-1.536778167047345489e+00
-1.562493604645566414e+00
-1.559762931268398045e+00
-1.533169757784992093e+00
-1.487859628802712164e+00
-1.428841252085665481e+00
-1.360583338064196735e+00
-1.286833095557932793e+00
-1.210578553811816782e+00
-1.134100615490110764e+00
-1.059068695581637076e+00
-9.866483078637444670e-01
-9.176035035850724775e-01
-8.523911709139816439e-01
-7.912400760566427049e-01
-7.342111001054871799e-01
-6.812482708685293487e-01
-6.322165373728350080e-01
-5.869292664073252341e-01
-5.451708437347688729e-01
-5.067110455003116520e-01
-4.713147732730787465e-01
-4.387527162176554363e-01
-4.266317478691870058e-01
-4.577291933897416620e-01
-4.914706037480237599e-01
-5.280632043501197748e-01
-5.677200055849339622e-01
-6.106494306830796415e-01
-6.570473297644097155e-01
-7.070852456619226567e-01
-7.608920716569430587e-01
-8.185335769319772581e-01
-8.799835696750393232e-01
-9.450844193132424964e-01
-1.013501857170504561e+00
-1.084672077208229668e+00
-1.157737558226149099e+00
-1.231478606678651833e+00
-1.304248564878138339e+00
-1.373924452835052490e+00
-1.437893056782814316e+00
-1.493098090757812857e+00
-1.536188562949197589e+00
-1.563804663305067733e+00
-1.573024367897821296e+00
-1.561969817217029544e+00
-1.530510657253062679e+00
-1.480919533695813417e+00
-1.418259031029381223e+00
-1.350238475250479020e+00
-1.286364084435378530e+00
-1.236405543654173433e+00
-1.208468325987636316e+00
-1.207202034550299619e+00
-1.232712978491828260e+00
-1.280550180889740819e+00
-1.342763766575467477e+00
-1.409675988737110863e+00
-1.471800606302225312e+00
-1.521380736491399155e+00
-1.553256856337038805e+00
-1.565033122211674232e+00
-1.556714562063501894e+00
-1.530070265030913701e+00
-1.487940897607508806e+00
-1.433634399855413299e+00
-1.370470232908748143e+00
-1.301490388960589772e+00
-1.229309099257645865e+00
-1.156056462062541534e+00
-1.083389261368300716e+00
-1.012539546995730344e+00
-9.443784384795292919e-01
-8.794811448644205276e-01
-8.181902777836038698e-01
-7.606712573602103511e-01
-7.069584579288139548e-01
-6.569928056062168675e-01
-6.106491864624429278e-01
-5.677597275632861873e-01
-5.281317449900625460e-01
-4.915594420110215301e-01
-4.578325622742309697e-01
-4.267453495251199991e-01
-4.142154624722526046e-01
-4.438136137394398384e-01
-4.758622834896998333e-01
-5.105451581669899763e-01
-5.480502399012239234e-01
-5.885609875588562190e-01
-6.322504388125336217e-01
-6.792696728444294063e-01
-7.297330118133182886e-01
-7.837030694664252062e-01
-8.411681485839351824e-01
-9.020121981001804068e-01
-9.659810337395162705e-01
-1.032645658033271685e+00
-1.101358988454205434e+00
-1.171211437893977969e+00
-1.240992548331408152e+00
-1.309167493880234678e+00
-1.373881033250725192e+00
-1.433003163439877881e+00
-1.484241599586480387e+00
-1.525336921537212564e+00
-1.554344257319467015e+00
-1.569991795810084856e+00
-1.572068037116408412e+00
-1.561753432410479370e+00
-1.541779278672050779e+00
-1.516290355439932735e+00
-1.490347648545815584e+00
-1.469101111543679394e+00
-1.456793836887841476e+00
-1.455859028162404645e+00
-1.466375881585268326e+00
-1.486056595482226239e+00
-1.510767750711641710e+00
-1.535423451504787540e+00
-1.554976250397820170e+00
-1.565246399834473889e+00
-1.563436310425784015e+00
-1.548282398039253493e+00
-1.519909946858844174e+00
-1.479514820820712728e+00
-1.428982358498855909e+00
-1.370531224365750811e+00
-1.306427368081378937e+00
-1.238788330510834257e+00
-1.169467057394288689e+00
-1.100000436101482126e+00
-1.031606036829554984e+00
-9.652014634096428569e-01
-9.014430882250230592e-01
-8.407679752278298668e-01
-7.834355590949395598e-01
-7.295682592874859207e-01
-6.791844388250758424e-01
-6.322262672242195958e-01
-5.885819207670335285e-01
-5.481042101033193337e-01
-5.106239775634113798e-01
-4.759593390996134099e-01
-4.439234337735962210e-01
-4.143328224006965210e-01
-4.014933586193215054e-01
-4.295849816596546411e-01
-4.599365673383822850e-01
-4.927102788357038410e-01
-5.280696524158898786e-01
-5.661741932041581826e-01
-6.071742990144906038e-01
-6.511998459963463937e-01
-6.983498040829634324e-01
-7.486798201570645794e-01
-8.021831731128571397e-01
-8.587710380660489307e-01
-9.182466654046274046e-01
-9.802762201908831186e-01
-1.044362632703677685e+00
-1.109816015071376727e+00
-1.175729156827246769e+00
-1.240969753918616414e+00
-1.304187446150096630e+00
-1.363850359801864975e+00
-1.418327686947827182e+00
-1.466017957912264746e+00
-1.505522161652863344e+00
-1.535856562298408390e+00
-1.556667220046147992e+00
-1.568399650955501823e+00
-1.572367076697652966e+00
-1.570654339955655177e+00
-1.565837298324536775e+00
-1.560543065812312946e+00
-1.556936823733397368e+00
-1.556265776792543853e+00
-1.558585255653606616e+00
-1.562748484221609280e+00
-1.566666251020601752e+00
-1.567756874656078381e+00
-1.563455971311634496e+00
-1.551657630083863149e+00
-1.531004755890789548e+00
-1.500996124363477957e+00
-1.461928259954595299e+00
-1.414732566849136841e+00
-1.360764272685311971e+00
-1.301593820469511220e+00
-1.238831530522264579e+00
-1.173997599333314046e+00
-1.108438473891149023e+00
-1.043286408074072913e+00
-9.794519777898663682e-01
-9.176305206989450181e-01
-8.583252540320389645e-01
-8.018744615481014915e-01
-7.484793580429813797e-01
-6.982353538556554939e-01
-6.511523801004599488e-01
-6.071770138952992113e-01
-5.662141288523931948e-01
-5.281371324082215768e-01
-4.927986867226800127e-01
-4.600405285475339112e-01
-4.296988354137366017e-01
-4.016126218106071399e-01
-3.885592362389068133e-01
-4.151515611100241032e-01
-4.438181225554490017e-01
-4.747001148179635921e-01
-5.079391034151139461e-01
-5.436727519146591359e-01
-5.820287872879490454e-01
-6.231168303238752149e-01
-6.670196862106846369e-01
-7.137821290759454040e-01
-7.633979274261158965e-01
-8.157952782659529944e-01
-8.708152961640607259e-01
-9.281910435271161219e-01
-9.875321786999992080e-01
-1.048302915208659591e+00
-1.109805601002581188e+00
-1.171181610336209600e+00
-1.231417245194075250e+00
-1.289370274777257297e+00
-1.343828960118279348e+00
-1.393594340579600299e+00
-1.437585793061169515e+00
-1.474968695330290291e+00
-1.505276766279619372e+00
-1.528501877831780265e+00
-1.545127704894136311e+00
-1.556073702742134079e+00
-1.562543563097104515e+00
-1.565795114521132847e+00
-1.566877623618172066e+00
-1.566404081274859639e+00
-1.564411208359415051e+00
-1.560354172670586292e+00
-1.553236039088692788e+00
-1.541830292409006375e+00
-1.524943307826945427e+00
-1.501645407779797381e+00
-1.471424460245720933e+00
-1.434250929231447369e+00
-1.390553938628632302e+00
-1.341132044454733219e+00
-1.287034446270831634e+00
-1.229438171885974818e+00
-1.169539266206209627e+00
-1.108468309547052222e+00
-1.047235199775944592e+00
-9.866983103663458099e-01
-9.275541014062438361e-01
-8.703416557485119665e-01
-8.154571273560604627e-01
-7.631700222788201371e-01
-7.136412516834738096e-01
-6.669485919258490991e-01
-6.231016480596229812e-01
-5.820555000422895642e-01
-5.437305534060395962e-01
-5.080195344326436935e-01
-4.747966729957072141e-01
-4.439265914735425200e-01
-4.152670508381619552e-01
-3.886790145776800043e-01
-3.755001088807668475e-01
-4.006118888791135868e-01
-4.276192607264636125e-01
-4.566431054582985594e-01
-4.878054764908088536e-01
-5.212236463360302441e-01
-5.570037617913949912e-01
-5.952357539688478694e-01
-6.359864296996181610e-01
-6.792892733148385709e-01
-7.251353919093131983e-01
-7.734617243359767080e-01
-8.241335373797440411e-01
-8.769312182235091679e-01
-9.315395347570577522e-01
-9.875300942068206966e-01
-1.044351399949750459e+00
-1.101332081034812838e+00
-1.157686013102589673e+00
-1.212529991387662154e+00
-1.264924151617171866e+00
-1.313926221168357333e+00
-1.358656349954263209e+00
-1.398374102325782520e+00
-1.432551003500489140e+00
-1.460923166547473784e+00
-1.483512426489918656e+00
-1.500598175564354708e+00
-1.512640512974296136e+00
-1.520163002700582577e+00
-1.523621256361336940e+00
-1.523290503182688882e+00
-1.519194657357014089e+00
-1.511104609733118886e+00
-1.498599788814325873e+00
-1.481177832559503083e+00
-1.458387754539533177e+00
-1.429945564865993113e+00
-1.395812154290982487e+00
-1.356226586278898250e+00
-1.311692477823684477e+00
-1.262925931139268876e+00
-1.210785472206322710e+00
-1.156198392227372862e+00
-1.100091512015531903e+00
-1.043336897492682880e+00
-9.867181347019646775e-01
-9.309067817597767025e-01
-8.764512540668752960e-01
-8.237809706369080276e-01
-7.732153433991379998e-01
-7.249766310081009468e-01
-6.792008573996011211e-01
-6.359539482111440378e-01
-5.952481476062790877e-01
-5.570502763384235223e-01
-5.212953353914151489e-01
-4.878953448106221891e-01
-4.567458507749549979e-01
-4.277312491007306816e-01
-4.007290300888073364e-01
-3.756205352485382232e-01
-3.623968259909062795e-01
-3.860562252061610078e-01
-4.114413633207647525e-01
-4.386550603766500300e-01
-4.678001099507590466e-01
-4.989739165827131728e-01
-5.322640391242912106e-01
-5.677425595371926592e-01
-6.054606285518739917e-01
-6.454406909778617196e-01
-6.876687162985322122e-01
-7.320850181055734707e-01
-7.785719195259859227e-01
-8.269423472782352347e-01
-8.769323995731236332e-01
-9.281904815630785954e-01
-9.802687304416659586e-01
-1.032626015447398071e+00
-1.084634043980992057e+00
-1.135587480981171682e+00
-1.184729596281705932e+00
-1.231290423863502070e+00
-1.274530067995137683e+00
-1.313784107867873363e+00
-1.348506491489994907e+00
-1.378307075897788447e+00
-1.402968499550572012e+00
-1.422434340634126437e+00
-1.436774169816607438e+00
-1.446127457567041086e+00
-1.450640760483116409e+00
-1.450411373594731046e+00
-1.445454656505363422e+00
-1.435704152236942255e+00
-1.421036933850682304e+00
-1.401327931884911226e+00
-1.376515205578112688e+00
-1.346653004146517674e+00
-1.311949285232469453e+00
-1.272777984462420964e+00
-1.229667034129398484e+00
-1.183266542101064189e+00
-1.134302960667836757e+00
-1.083534300439627618e+00
-1.031705793183909758e+00
-9.795144009041005795e-01
-9.275874513385302667e-01
-8.764648035036074480e-01
-8.265915504394860669e-01
-7.783204241199026541e-01
-7.319163796589601700e-01
-6.875681169673486526e-01
-6.453963054153675216e-01
-6.054612593240871199e-01
-5.677784994343589853e-01
-5.323268872932341855e-01
-4.990560311503268176e-01
-4.678963142547746257e-01
-4.387623478470865646e-01
-4.115563271125229350e-01
-3.861750758942118500e-01
-3.625177777222705622e-01
-3.493233332793039270e-01
-3.715673188915740721e-01
-3.953764323170898543e-01
-4.208380601081797012e-01
-4.480365344840327446e-01
-4.770506148234907595e-01
-5.079515469522631888e-01
-5.407958577689672142e-01
-5.756197892792993542e-01
-6.124350878710806967e-01
-6.512221790594148185e-01
-6.919215307410382376e-01
-7.344269137528873781e-01
-7.785746991688829999e-01
-8.241374696879086859e-01
-8.708188029237621253e-01
-9.182460432917369797e-01
-9.659716942290168529e-01
-1.013479170128534612e+00
-1.060189883259809562e+00
-1.105478433133074478e+00
-1.148699383996905965e+00
-1.189218845016630777e+00
-1.226441700028673143e+00
-1.259837679856472548e+00
-1.288970650066199486e+00
-1.313514452030289714e+00
-1.333250122196098397e+00
-1.348053817501780660e+00
-1.357874159538678960e+00
-1.362701669653504588e+00
-1.362542948744366988e+00
-1.357408781025888356e+00
-1.347312267977763600e+00
-1.332278154067099596e+00
-1.312368800488672882e+00
-1.287713268034449632e+00
-1.258529292475937922e+00
-1.225139128954245926e+00
-1.187968222000986174e+00
-1.147532967216373434e+00
-1.104420911739112610e+00
-1.059258088828831212e+00
-1.012679676194095268e+00
-9.653019636923564351e-01
-9.176982376566702460e-01
-8.703838305930216013e-01
-8.238043722654881940e-01
-7.783302845511252954e-01
-7.342584045651001645e-01
-6.918169539459892992e-01
-6.511706633056197902e-01
-6.124276048448465959e-01
-5.756472380363132357e-01
-5.408508506990643561e-01
-5.080280206886500505e-01
-4.771417063299831507e-01
-4.481382268387797962e-01
-4.209492107218015255e-01
-3.954937962488146441e-01
-3.716872305924405206e-01
-3.494441434992640594e-01
-3.363455365811548470e-01
-3.572191192540745686e-01
-3.795068866285547515e-01
-4.032817591043361682e-01
-4.286123169040099157e-01
-4.555617384752657095e-01
-4.841862544256802514e-01
-5.145273958508805867e-01
-5.466083385911696402e-01
-5.804317790472952598e-01
-6.159724320099668748e-01
-6.531699048469192803e-01
-6.919252197640211044e-01
-7.320920950196898591e-01
-7.734709149189301636e-01
-8.158051258661183081e-01
-8.587788473936873723e-01
-9.020152445312110689e-01
-9.450785002251311795e-01
-9.874836257770776005e-01
-1.028705358785831914e+00
-1.068195711394710035e+00
-1.105406303397846735e+00
-1.139806553267907363e+00
-1.170903490409265668e+00
-1.198262227548643422e+00
-1.221521777571691558e+00
-1.240397861833033577e+00
-1.254681428402063981e+00
-1.264234138521478590e+00
-1.268973637949373900e+00
-1.268864306753538340e+00
-1.263913788158792961e+00
-1.254170119845264608e+00
-1.239725480907492683e+00
-1.220726989903019977e+00
-1.197386700291986461e+00
-1.169988168273114137e+00
-1.138891099803856610e+00
-1.104523472640647652e+00
-1.067369107944863060e+00
-1.027953381314020476e+00
-9.868194594995438607e-01
-9.445078323365323492e-01
-9.015382886477665281e-01
-8.583923042613821330e-01
-8.155019634617567403e-01
-7.732434827997909377e-01
-7.319323441156835308e-01
-6.918237438264198680e-01
-6.531175954518864124e-01
-6.159611865859158097e-01
-5.804547036087222001e-01
-5.466580920212630312e-01
-5.145977883513978002e-01
-4.842731287245357064e-01
-4.556601092282336340e-01
-4.287188950272076138e-01
-4.033957663934338300e-01
-3.796252186392292671e-01
-3.573386993351712060e-01
-3.364652386036773302e-01
-3.235218132838645344e-01
-3.430761019908460385e-01
-3.639034643314453810e-01
-3.860633353698623704e-01
-4.096112761653130097e-01
-4.345977283805094737e-01
-4.610651507090118284e-01
-4.890417808313398118e-01
-5.185402766769537930e-01
-5.495543672782094990e-01
-5.820529274127148600e-01
-6.159757568017958373e-01
-6.512293526739376670e-01
-6.876801262916064639e-01
-7.251496826499872483e-01
-7.634130293931147282e-01
-8.021984592884335852e-01
-8.411830717160345694e-01
-8.799934690209435528e-01
-9.182172246522406489e-01
-9.554079224831352191e-01
-9.910963711983228341e-01
-1.024807049575291007e+00
-1.056071397174886961e+00
-1.084443913874048260e+00
-1.109516582572784849e+00
-1.130933814985748631e+00
-1.148397786350206617e+00
-1.161672613106074170e+00
-1.170588556291996873e+00
-1.175035716444939649e+00
-1.174961673725711586e+00
-1.170370386190974221e+00
-1.161322336823027879e+00
-1.147935666736269011e+00
-1.130386759219244253e+00
-1.108912818466400996e+00
-1.083811322086380757e+00
-1.055436929548500880e+00
-1.024193049238640407e+00
-9.905206138437548935e-01
-9.548841075094816055e-01
-9.177548959623449409e-01
-8.795971095703405407e-01
-8.408541263885538353e-01
-8.019366791193637267e-01
-7.632132985483348619e-01
-7.250055304215934360e-01
-6.875866352750515942e-01
-6.511810283288113066e-01
-6.159653375501399353e-01
-5.820731437941650821e-01
-5.496002585680778152e-01
-5.186070589409979004e-01
-4.891244213642544914e-01
-4.611602470044018909e-01
-4.347021358315725781e-01
-4.097219880518256363e-01
-3.861784256926746317e-01
-3.640206987388316939e-01
-3.431936191544614490e-01
-3.236392253903102034e-01
-3.109022699684237390e-01
-3.291919295587772964e-01
-3.486243089481160240e-01
-3.692465462012135546e-01
-3.911029915002554036e-01
-4.142328966588633699e-01
-4.386660417840580473e-01
-4.644203200845555268e-01
-4.915005853943310576e-01
-5.198920403242124344e-01
-5.495581639015756359e-01
-5.804393021808582631e-01
-6.124464803709057659e-01
-6.454561804232636923e-01
-6.793076475997208430e-01
-7.138023767072938508e-01
-7.487023925219791209e-01
-7.837271647391302887e-01
-8.185558941151371837e-01
-8.528342988174439920e-01
-8.861792101060388394e-01
-9.181870886284455580e-01
-9.484460545357016326e-01
-9.765463880989940781e-01
-1.002092731171182027e+00
-1.024716291182618200e+00
-1.044087203841330247e+00
-1.059920408825206550e+00
-1.071983986617048856e+00
-1.080105818513139138e+00
-1.084170330649285363e+00
-1.084120823544965972e+00
-1.079959445456426081e+00
-1.071747512288476312e+00
-1.059606799904284191e+00
-1.043715465465960612e+00
-1.024306179214407919e+00
-1.001662654262949648e+00
-9.761144013413169951e-01
-9.480275616490101420e-01
-9.177945137573819689e-01
-8.858230804072537712e-01
-8.525222738787269217e-01
-8.182915377852424399e-01
-7.835116539150259740e-01
-7.485357577471138946e-01
-7.136819233380852223e-01
-6.792289446545812792e-01
-6.454150176539248385e-01
-6.124389208972835785e-01
-5.804604981471931380e-01
-5.496025613639501373e-01
-5.199555030838532987e-01
-4.915803931899173085e-01
-4.645129983294592479e-01
-4.387678555324269203e-01
-4.143415301233052683e-01
-3.912160878108444928e-01
-3.693617171219087947e-01
-3.487401569593125972e-01
-3.293074792216587610e-01
-3.110173509821695381e-01
-2.985299609468491377e-01
-3.156124113368675710e-01
-3.337182823002362575e-01
-3.528836336796824513e-01
-3.731427221220769974e-01
-3.945248534975435706e-01
-4.170489998071365001e-01
-4.407245380533688639e-01
-4.655500462109425364e-01
-4.915046235069301384e-01
-5.185477047238551407e-01
-5.466198106846128502e-01
-5.756354321151004871e-01
-6.054802195673190113e-01
-6.360095973029689098e-01
-6.670464229508793474e-01
-6.983799017307057433e-01
-7.297645695341856698e-01
-7.609234510086058112e-01
-7.915512911301375576e-01
-8.213171016081242115e-01
-8.498737720070508317e-01
-8.768659059732054617e-01
-9.019361609430029958e-01
-9.247384787655300586e-01
-9.449477257791818463e-01
-9.622682219137449477e-01
-9.764411985259953131e-01
-9.872532089981269632e-01
-9.945422098337597383e-01
-9.981972827680858362e-01
-9.981638669930581464e-01
-9.944442305963503426e-01
-9.870961110667197946e-01
-9.762332188478815009e-01
-9.620213932803438617e-01
-9.446749420663056451e-01
-9.244519932971796417e-01
-9.016485967548795166e-01
-8.765882782680491925e-01
-8.496145257961016384e-01
-8.210835299098828699e-01
-7.913496602338011554e-01
-7.607568653863905350e-01
-7.296333719450565081e-01
-6.982837275493362084e-01
-6.669843064775566877e-01
-6.359793956886599098e-01
-6.054783780694403816e-01
-5.756579293919883433e-01
-5.466639184272570340e-01
-5.186104933528277172e-01
-4.915820561845835046e-01
-4.656400961287243123e-01
-4.408248197049474681e-01
-4.171551949272543358e-01
-3.946349986880726135e-01
-3.732558146722945169e-01
-3.529979630991237904e-01
-3.338331668120625428e-01
-3.157271845063507332e-01
-2.986432585523261518e-01
-2.864418310095724340e-01
-3.023770329493060127e-01
-3.192256879264737668e-01
-3.370152444024556160e-01
-3.557713711028261394e-01
-3.755141674058420920e-01
-3.962548331584290762e-01
-4.179959288889941726e-01
-4.407286877891865018e-01
-4.644278977868117608e-01
-4.890519781653069886e-01
-5.145417258058473386e-01
-5.408146842933766463e-01
-5.677655820897254957e-01
-5.952635267287013088e-01
-6.231488235024595923e-01
-6.512354433287789179e-01
-6.793079966637596279e-01
-7.071246758472511384e-01
-7.344217255567231373e-01
-7.609132391249994187e-01
-7.863009475012642246e-01
-8.102789430613841493e-01
-8.325371923291452481e-01
-8.527758420917053162e-01
-8.707121378455145999e-01
-8.860867419435402015e-01
-8.986715647565336473e-01
-9.082768910640202087e-01
-9.147568419900349301e-01
-9.180105063448492642e-01
-9.179878558899131624e-01
-9.146914835797503862e-01
-9.081740100720057107e-01
-8.985367098487927473e-01
-8.859269478558906563e-01
-8.705350039306329890e-01
-8.525900804970791835e-01
-8.323520235806298739e-01
-8.101018116873368591e-01
-7.861383748907552205e-01
-7.607694034232943547e-01
-7.343004664407128956e-01
-7.070294290396544890e-01
-6.792391435733766691e-01
-6.511927065768576828e-01
-6.231310587092637743e-01
-5.952688624171565968e-01
-5.677926641398058916e-01
-5.408604593320456289e-01
-5.146036383942579340e-01
-4.891285977936855600e-01
-4.645153975334856966e-01
-4.408246499694407072e-01
-4.180996908499465814e-01
-3.963634387636910672e-01
-3.756250688636062485e-01
-3.558836758000187839e-01
-3.371282109400465243e-01
-3.193392522110379828e-01
-3.024901639217432159e-01
-2.865525139455160075e-01
-2.746673395506987747e-01
-2.895158356793632315e-01
-3.051772307462614631e-01
-3.216724108580805708e-01
-3.390193378773482813e-01
-3.572303623496329017e-01
-3.763108067505255283e-01
-3.962575226385476324e-01
-4.170554278888940480e-01
-4.386763148336245699e-01
-4.610783098940174352e-01
-4.842029848730545760e-01
-5.079727634643178558e-01
-5.322901067998386804e-01
-5.570350755188514524e-01
-5.820643349665381994e-01
-6.072134608245746135e-01
-6.322936835767382080e-01
-6.570935279361658221e-01
-6.813832895662563782e-01
-7.049163094327084433e-01
-7.274359144759309226e-01
-7.486789221267582395e-01
-7.683793211046550109e-01
-7.862788745026847437e-01
-8.021336883291785291e-01
-8.157195165520527702e-01
-8.268380174437217622e-01
-8.353239036061799183e-01
-8.410500453765923368e-01
-8.439284154790585024e-01
-8.439144216291630807e-01
-8.410092366520074414e-01
-8.352587732624077166e-01
-8.267522744478816854e-01
-8.156186327247958445e-01
-8.020231186651954891e-01
-7.861645722250349966e-01
-7.682671108364861334e-01
-7.485733261979776731e-01
-7.273419648964498663e-01
-7.048367004668658620e-01
-6.813200294919790068e-01
-6.570504459178648782e-01
-6.322720194553681505e-01
-6.072120530703434271e-01
-5.820808099387959622e-01
-5.570676635337468152e-01
-5.323391369768493142e-01
-5.080365959017603128e-01
-4.842788515160751928e-01
-4.611644918360168210e-01
-4.387700356099963894e-01
-4.171546785838586846e-01
-3.963624277840420151e-01
-3.764200680087811390e-01
-3.573413535620566517e-01
-3.391306774848595884e-01
-3.217841292004678388e-01
-3.052891670378586886e-01
-2.896260627833546764e-01
-2.747744943429040743e-01
-2.632301300811017430e-01
-2.770529305324698766e-01
-2.915972968248791708e-01
-3.068787500792478085e-01
-3.229086889352199563e-01
-3.396935162347287651e-01
-3.572330408662444112e-01
-3.755185638167957141e-01
-3.945323645152358782e-01
-4.142450883769854819e-01
-4.346135328709637702e-01
-4.555806186713412531e-01
-4.770740414561371878e-01
-4.990031714538677998e-01
-5.212585703090515388e-01
-5.437121510455682483e-01
-5.662172971333562232e-01
-5.886079821622995922e-01
-6.107001619625060940e-01
-6.322941312309229289e-01
-6.531767449828504990e-01
-6.731268504581970902e-01
-6.919183244016570145e-01
-7.093232827554405429e-01
-7.251207011438802752e-01
-7.391020963727208404e-01
-7.510747708550546964e-01
-7.608687860457082897e-01
-7.683419729886837857e-01
-7.733838754004787042e-01
-7.759202509750680044e-01
-7.759130470881536734e-01
-7.733606183860814998e-01
-7.683026546638866972e-01
-7.608177543195826509e-01
-7.510159617523224362e-01
-7.390386443895533564e-01
-7.250565328971001477e-01
-7.092616735745933543e-01
-6.918627447353612459e-01
-6.730810627731611540e-01
-6.531422924563318189e-01
-6.322724059168557398e-01
-6.106942124395535743e-01
-5.886188065026569660e-01
-5.662434090392681751e-01
-5.437515659789710076e-01
-5.213102332099711633e-01
-4.990671694376019873e-01
-4.771491613139869914e-01
-4.556650058861299035e-01
-4.347055190669679159e-01
-4.143427565336800233e-01
-3.946347830365454223e-01
-3.756248368278556904e-01
-3.573412268840790995e-01
-3.398024941246113317e-01
-3.230179260836509858e-01
-3.069881606491240422e-01
-2.917063584953329403e-01
-2.771594860374815283e-01
-2.633334432109324386e-01
-2.521483983273825613e-01
-2.650066245616864435e-01
-2.785035240344603258e-01
-2.926495928325855700e-01
-3.074517119919659702e-01
-3.229113730747713573e-01
-3.390240750385513646e-01
-3.557774347162385720e-01
-3.731514813700783639e-01
-3.911159491297955260e-01
-4.096281179961386298e-01
-4.286329352284697358e-01
-4.480615981208271315e-01
-4.678312129048080026e-01
-4.878431052251935851e-01
-5.079816709850214496e-01
-5.281160726520017779e-01
-5.481004212886130267e-01
-5.677744630382774993e-01
-5.869646013790366101e-01
-6.054868559388546512e-01
-6.231505342040861706e-01
-6.397614964267973603e-01
-6.551254153936956204e-01
-6.690537383158097207e-01
-6.813685639075290901e-01
-6.919050083863177436e-01
-7.005190838294494959e-01
-7.070893474269366319e-01
-7.115204675415385260e-01
-7.137506485540707768e-01
-7.137474245442657628e-01
-7.115081560520576387e-01
-7.070672423199588774e-01
-7.004919427286339095e-01
-6.918753531522220390e-01
-6.813376047624233323e-01
-6.690237346961315223e-01
-6.550986395339339907e-01
-6.397410170850781341e-01
-6.231379410677606590e-01
-6.054831340948969576e-01
-5.869712999826108835e-01
-5.677929848453815431e-01
-5.481315216719712113e-01
-5.281589984280234962e-01
-5.080348670277421430e-01
-4.879062406361746040e-01
-4.679043101575329766e-01
-4.481429372499433628e-01
-4.287215414961415005e-01
-4.097232798618020144e-01
-3.912158324752691430e-01
-3.732552994958264758e-01
-3.558839083373822598e-01
-3.391308402721993076e-01
-3.230176247422256175e-01
-3.075574101841478947e-01
-2.927547190135620925e-01
-2.786075917877957608e-01
-2.651083724582735668e-01
-2.522475829928135793e-01
-2.414347884809754652e-01
-2.533874673769519470e-01
-2.659044184245661357e-01
-2.789913833481018623e-01
-2.926516193817926825e-01
-3.068831730374192990e-01
-3.216786343455573793e-01
-3.370232251790994393e-01
-3.528946019121305122e-01
-3.692612520055844061e-01
-3.860820960405495494e-01
-4.033050734843101615e-01
-4.208654634334619837e-01
-4.386873140059925902e-01
-4.566816090167752362e-01
-4.747440355874058548e-01
-4.927581929899010338e-01
-5.105968526163485732e-01
-5.281195568333625356e-01
-5.451747662251256177e-01
-5.616044210294905970e-01
-5.772435271310571991e-01
-5.919251836237396924e-01
-6.054854334551655892e-01
-6.177636168813339657e-01
-6.286070404556556301e-01
-6.378760115366199912e-01
-6.454485989488769615e-01
-6.512210376459804939e-01
-6.551129265551115521e-01
-6.570723299449476862e-01
-6.570711173144051509e-01
-6.551074728659938007e-01
-6.512107925904007111e-01
-6.454368901278693116e-01
-6.378648636498778224e-01
-6.285974344151266102e-01
-6.177568183468207241e-01
-6.054834361268072174e-01
-5.919295903188004360e-01
-5.772535612465922172e-01
-5.616218112552495700e-01
-5.452017610717136975e-01
-5.281556428376368295e-01
-5.106424424933310169e-01
-4.928130980505517345e-01
-4.748063573888586797e-01
-4.567517019314518145e-01
-4.387655367457377054e-01
-4.209500087072066132e-01
-4.033951176806455652e-01
-3.861769152302515495e-01
-3.693598191749783988e-01
-3.529962971613177514e-01
-3.371267682952385214e-01
-3.217828234378181107e-01
-3.069869515524572545e-01
-2.927538628317277181e-01
-2.790924105371471731e-01
-2.660038150799343692e-01
-2.534844311790459548e-01
-2.415297665816189543e-01
-2.310980596186015812e-01
-2.422020614205132871e-01
-2.538040383230001362e-01
-2.659058260256826900e-01
-2.785071619663979092e-01
-2.916039773227073195e-01
-3.051863685805148441e-01
-3.192367985034390010e-01
-3.337322077705877077e-01
-3.486417831182725413e-01
-3.639250837031154928e-01
-3.795329720935475271e-01
-3.954065227669981697e-01
-4.114751352479872892e-01
-4.276580420378781611e-01
-4.438627407158969307e-01
-4.599855744376757927e-01
-4.759147569497427233e-01
-4.915268413633344102e-01
-5.066904283188092828e-01
-5.212699709737733667e-01
-5.351230674072990912e-01
-5.481060435786120344e-01
-5.600792123839086756e-01
-5.709062006878278250e-01
-5.804564428888694394e-01
-5.886120474456068008e-01
-5.952702379151282308e-01
-6.003428715953393890e-01
-6.037621502749266345e-01
-6.054834855777491143e-01
-6.054833766116696214e-01
-6.037613381736752771e-01
-6.003418144597180151e-01
-5.952706264313695206e-01
-5.886143862704271701e-01
-5.804610391994557972e-01
-5.709146200126589132e-01
-5.600932561117608621e-01
-5.481261984859095993e-01
-5.351488977878349207e-01
-5.213030883555207495e-01
-5.067324113210062153e-01
-4.915761826916552613e-01
-4.759711909499962923e-01
-4.600489469250945707e-01
-4.439313249519075688e-01
-4.277324953342638292e-01
-4.115555631117712720e-01
-3.954921108259001339e-01
-3.796231125281882002e-01
-3.640182117323679245e-01
-3.487376871797306377e-01
-3.338305335467837143e-01
-3.193357319073237832e-01
-3.052857645640632556e-01
-2.917038096310109463e-01
-2.786057325763794390e-01
-2.660030194893742705e-01
-2.538994145744398745e-01
-2.422949490007500761e-01
-2.311889909813990562e-01
-2.211433418192376710e-01
-2.314542179508183029e-01
-2.422037543729900766e-01
-2.533907314871912675e-01
-2.650120513636162189e-01
-2.770617341222026964e-01
-2.895276903156847603e-01
-3.023907806723739045e-01
-3.156282788876606515e-01
-3.292107118987743775e-01
-3.430990531645039532e-01
-3.572465110677580657e-01
-3.715985443172948877e-01
-3.860908750093312580e-01
-4.006504099584580758e-01
-4.151954160177855346e-01
-4.296341343643636512e-01
-4.438666385588954655e-01
-4.577851988425744034e-01
-4.712767590410160690e-01
-4.842238135459264736e-01
-4.965039997017959283e-01
-5.079943292990827253e-01
-5.185744446823795650e-01
-5.281284430909869432e-01
-5.365460060335538461e-01
-5.437270287888487097e-01
-5.495851863959003714e-01
-5.540464810103240545e-01
-5.570527224238310815e-01
-5.585658232033722248e-01
-5.585664889609769368e-01
-5.570548234102042917e-01
-5.540510769412958503e-01
-5.495936108844520218e-01
-5.437386609123711079e-01
-5.365602289837596572e-01
-5.281469766755049200e-01
-5.185982337399814845e-01
-5.080235545079010429e-01
-4.965397251498278042e-01
-4.842667369319159643e-01
-4.713271584162339045e-01
-4.578422589100672457e-01
-4.439298344116020534e-01
-4.297029792274245086e-01
-4.152690168584079466e-01
-4.007287691591986389e-01
-3.861729493842916972e-01
-3.716837053365465993e-01
-3.573350921710868322e-01
-3.431908508610976294e-01
-3.293050143662692442e-01
-3.157236649278906127e-01
-3.024854788462502109e-01
-2.896216431041063188e-01
-2.771561522143043410e-01
-2.651059816814900216e-01
-2.534827856188791584e-01
-2.422935755717671169e-01
-2.315423754538601941e-01
-2.212301312541557208e-01
-2.115728856733276875e-01
-2.211448521222175445e-01
-2.311013054747834417e-01
-2.414397590374092739e-01
-2.521552783489341976e-01
-2.632396552120976896e-01
-2.746795896792719738e-01
-2.864562780405625064e-01
-2.985467914888034757e-01
-3.109219517861857573e-01
-3.235452902640919004e-01
-3.363731547165302871e-01
-3.493546548138317664e-01
-3.624318145879177333e-01
-3.755387610549084099e-01
-3.886023107994285297e-01
-4.015415585940114163e-01
-4.142680840464952330e-01
-4.266880623850113352e-01
-4.387033086451825881e-01
-4.502114362984588336e-01
-4.611075176584916169e-01
-4.712866043083558387e-01
-4.806455596636202143e-01
-4.890854620204603265e-01
-4.965132082742349517e-01
-5.028438817003275663e-01
-5.080039592542540117e-01
-5.119313944200902800e-01
-5.145772252143605563e-01
-5.159090366854607312e-01
-5.159105169614026654e-01
-5.145816689251916376e-01
-5.119394010419726637e-01
-5.080164873465655706e-01
-5.028607134181409810e-01
-4.965339878600719681e-01
-4.891110430305904977e-01
-4.806761977272095976e-01
-4.713224124551813610e-01
-4.611493439968302743e-01
-4.502594741797790734e-01
-4.387574781204262031e-01
-4.267481862841556173e-01
-4.143336558266554337e-01
-4.016120698816273427e-01
-3.886774157701326504e-01
-3.756179168557379766e-01
-3.625138693582250493e-01
-3.494387962002706294e-01
-3.364595935518401859e-01
-3.236345215564214728e-01
-3.110131100657509973e-01
-2.986384467978325796e-01
-2.865474450096577863e-01
-2.747699007250566927e-01
-2.633297708108329194e-01
-2.522448125203781699e-01
-2.415274625875826475e-01
-2.311868691542995902e-01
-2.212289330878224880e-01
-2.116556071966213814e-01
