   #     beta       phi_d       phi_m        phi      cg_iter
   1  7.3010e+03  1.2840e+03  7.7743e-01  5.8389e+05   35 
   1  7.3010e+03  1.2840e+03  7.7743e-01  5.8389e+05   49 
   1  7.3010e+03  1.2840e+03  7.7743e-01  5.8389e+05   29 
   2  1.4602e+04  4.8883e+02  9.2129e-01  8.9040e+03   18 
   2  1.4602e+04  4.8883e+02  9.2129e-01  8.9040e+03   16 
   3  2.9204e+04  8.2942e+02  8.8949e-01  1.6524e+04   15 
   3  2.9204e+04  8.2942e+02  8.8949e-01  1.6524e+04   14 
   4  2.9204e+04  1.8210e+03  8.4363e-01  3.1764e+04   17 
   5  3.2849e+04  1.7087e+03  8.0744e-01  2.5323e+04   13 
   5  3.2849e+04  1.7087e+03  8.0744e-01  2.5323e+04   11 
   6  3.2849e+04  2.0003e+03  7.9804e-01  2.8256e+04   15 
   6  3.2849e+04  2.0003e+03  7.9804e-01  2.8256e+04   12 
   7  2.9847e+04  2.1153e+03  8.2649e-01  2.9280e+04   15 
   7  2.9847e+04  2.1153e+03  8.2649e-01  2.9280e+04   10 
   8  2.9847e+04  1.8563e+03  8.3475e-01  2.6787e+04   16 
   8  2.9847e+04  1.8563e+03  8.3475e-01  2.6787e+04   10 
   9  2.9847e+04  2.1102e+03  9.0663e-01  2.9218e+04   14 
   9  2.9847e+04  2.1102e+03  9.0663e-01  2.9218e+04    9 
  10  2.2568e+04  2.5419e+03  1.0179e+00  3.3025e+04   13 
  10  2.2568e+04  2.5419e+03  1.0179e+00  3.3025e+04    9 
  11  2.2568e+04  1.7392e+03  1.0486e+00  2.5486e+04   12 
  12  1.9725e+04  2.1991e+03  1.2220e+00  2.9933e+04   10 
  12  1.9725e+04  2.1991e+03  1.2220e+00  2.9933e+04    9 
  13  1.9725e+04  1.8393e+03  1.2390e+00  2.6381e+04   10 
  14  1.5645e+04  2.4232e+03  1.4792e+00  3.1837e+04   10 
  15  1.5645e+04  1.7859e+03  1.5153e+00  2.5632e+04    8 
  16  1.2448e+04  2.4155e+03  1.8416e+00  3.1542e+04    8 
  16  1.2448e+04  2.4155e+03  1.8416e+00  3.1542e+04    8 
  17  1.2448e+04  1.7967e+03  1.8858e+00  2.5462e+04    8 
  18  9.7194e+03  2.4617e+03  2.3046e+00  3.1532e+04    8 
  19  9.7194e+03  1.8027e+03  2.3640e+00  2.5013e+04    8 
  20  7.8662e+03  2.3748e+03  2.8027e+00  2.9997e+04    7 
  21  7.8662e+03  1.8411e+03  2.8627e+00  2.4621e+04    6 
  22  7.8662e+03  2.0568e+03  2.8925e+00  2.5074e+04    6 
  23  6.4225e+03  2.3541e+03  2.9067e+00  2.5465e+04    5 
  24  6.4225e+03  1.9242e+03  2.9600e+00  2.1169e+04    5 
  24  6.4225e+03  1.9242e+03  2.9600e+00  2.1169e+04    4 
  25  6.4225e+03  1.7832e+03  3.0050e+00  2.1333e+04    6 
  26  6.4225e+03  1.8748e+03  2.9949e+00  2.1340e+04    4 
  26  6.4225e+03  1.8748e+03  2.9949e+00  2.1340e+04    4 
  27  6.4225e+03  1.9665e+03  2.9886e+00  2.1379e+04    6 
  28  5.3183e+03  2.3211e+03  2.9443e+00  2.1385e+04    5 
  29  5.3183e+03  1.9953e+03  2.9915e+00  1.8046e+04    4 
  30  5.3183e+03  1.8274e+03  3.0219e+00  1.8091e+04    4 
  31  5.3183e+03  1.9252e+03  2.9867e+00  1.7948e+04    4 
  31  5.3183e+03  1.9252e+03  2.9867e+00  1.7948e+04    4 
  32  5.3183e+03  1.9131e+03  2.9873e+00  1.7931e+04    5 
  33  5.3183e+03  1.9609e+03  2.9660e+00  1.7860e+04    4 
  34  5.3183e+03  2.0818e+03  2.9350e+00  1.7793e+04    4 
  34  5.3183e+03  2.0818e+03  2.9350e+00  1.7793e+04    4 
  35  5.3183e+03  2.0886e+03  2.9325e+00  1.7778e+04    5 
  36  5.3183e+03  2.1044e+03  2.9201e+00  1.7718e+04    4 
  37  4.7946e+03  2.1319e+03  2.9056e+00  1.7660e+04    4 
  38  4.7946e+03  2.0032e+03  2.9307e+00  1.6128e+04    4 
  38  4.7946e+03  2.0032e+03  2.9307e+00  1.6128e+04    3 
  39  4.7946e+03  2.0202e+03  2.9119e+00  1.6042e+04    4 
  40  4.2308e+03  2.1781e+03  2.8735e+00  1.5999e+04    4 
  41  4.2308e+03  2.0622e+03  2.8969e+00  1.4356e+04    3 
  42  4.2308e+03  2.0257e+03  2.9068e+00  1.4367e+04    4 
  43  4.2308e+03  2.0505e+03  2.8931e+00  1.4322e+04    3 
  43  4.2308e+03  2.0505e+03  2.8931e+00  1.4322e+04    4 
  44  4.2308e+03  2.0714e+03  2.8864e+00  1.4310e+04    4 
  45  4.2308e+03  2.0947e+03  2.8788e+00  1.4299e+04    4 
  46  3.8328e+03  2.1216e+03  2.8708e+00  1.4289e+04    4 
  47  3.8328e+03  2.0458e+03  2.8895e+00  1.3142e+04    3 
  48  3.8328e+03  2.0854e+03  2.8722e+00  1.3111e+04    4 
  49  3.8328e+03  2.1076e+03  2.8682e+00  1.3115e+04    3 
  50  3.4661e+03  2.1253e+03  2.8637e+00  1.3114e+04    4 
  51  3.4661e+03  2.0635e+03  2.8805e+00  1.2061e+04    3 
  52  3.4661e+03  2.0734e+03  2.8713e+00  1.2037e+04    4 
  53  3.4661e+03  2.1060e+03  2.8612e+00  1.2032e+04    4 
  54  3.4661e+03  2.1075e+03  2.8633e+00  1.2040e+04    3 
  55  3.1401e+03  2.1216e+03  2.8577e+00  1.2034e+04    4 
  56  3.1401e+03  2.0758e+03  2.8715e+00  1.1100e+04    3 
  57  3.1401e+03  2.0830e+03  2.8642e+00  1.1083e+04    4 
  58  3.1401e+03  2.0916e+03  2.8612e+00  1.1081e+04    2 
  59  3.1401e+03  2.0991e+03  2.8588e+00  1.1080e+04    4 
  60  3.1401e+03  2.1069e+03  2.8563e+00  1.1080e+04    3 
  61  2.8539e+03  2.1147e+03  2.8539e+00  1.1080e+04    4 
  62  2.8539e+03  2.0818e+03  2.8648e+00  1.0262e+04    3 
  63  2.8539e+03  2.0826e+03  2.8601e+00  1.0248e+04    4 
  64  2.8539e+03  2.0864e+03  2.8580e+00  1.0245e+04    3 
  65  2.8539e+03  2.0912e+03  2.8562e+00  1.0245e+04    4 
  66  2.8539e+03  2.0935e+03  2.8555e+00  1.0245e+04    3 
  67  2.8539e+03  2.0973e+03  2.8540e+00  1.0244e+04    4 
  68  2.8539e+03  2.0978e+03  2.8539e+00  1.0244e+04    3 
  69  2.8539e+03  2.0991e+03  2.8530e+00  1.0243e+04    3 
  70  2.8539e+03  2.1008e+03  2.8521e+00  1.0242e+04    4 
  71  2.8539e+03  2.1036e+03  2.8510e+00  1.0241e+04    3 
  72  2.8539e+03  2.1031e+03  2.8513e+00  1.0241e+04    3 
  73  2.8539e+03  2.1066e+03  2.8497e+00  1.0240e+04    4 
  74  2.8539e+03  2.1061e+03  2.8501e+00  1.0241e+04    3 
  75  2.8539e+03  2.1061e+03  2.8498e+00  1.0240e+04    4 
  76  2.8539e+03  2.1070e+03  2.8492e+00  1.0239e+04    3 
  77  2.8539e+03  2.1064e+03  2.8494e+00  1.0239e+04    4 
  78  2.8539e+03  2.1065e+03  2.8490e+00  1.0238e+04    3 
  79  2.8539e+03  2.1068e+03  2.8487e+00  1.0237e+04    4 
  80  2.8539e+03  2.1066e+03  2.8486e+00  1.0237e+04    3 
  81  2.8539e+03  2.1062e+03  2.8486e+00  1.0236e+04    4 
  82  2.8539e+03  2.1065e+03  2.8483e+00  1.0236e+04    3 
  83  2.8539e+03  2.1069e+03  2.8480e+00  1.0235e+04    4 
  84  2.8539e+03  2.1072e+03  2.8478e+00  1.0235e+04    3 
  85  2.8539e+03  2.1077e+03  2.8476e+00  1.0235e+04    4 
  86  2.8539e+03  2.1070e+03  2.8478e+00  1.0235e+04    3 
  87  2.8539e+03  2.1070e+03  2.8476e+00  1.0234e+04    4 
  88  2.8539e+03  2.1065e+03  2.8477e+00  1.0234e+04    3 
  89  2.8539e+03  2.1069e+03  2.8474e+00  1.0233e+04    4 
  90  2.8539e+03  2.1067e+03  2.8474e+00  1.0233e+04    3 
  91  2.8539e+03  2.1062e+03  2.8475e+00  1.0233e+04    4 
  92  2.8539e+03  2.1061e+03  2.8473e+00  1.0232e+04    3 
  93  2.8539e+03  2.1057e+03  2.8474e+00  1.0232e+04    4 
  94  2.8539e+03  2.1056e+03  2.8473e+00  1.0232e+04    3 
  95  2.8539e+03  2.1053e+03  2.8473e+00  1.0231e+04    1 
  96  2.8539e+03  2.1052e+03  2.8472e+00  1.0231e+04    3 
