   #     beta       phi_d       phi_m        phi      cg_iter
   1  1.4346e+05  2.2163e+04  5.2103e-01  2.2235e+07   39 
   2  7.1732e+04  1.2150e+03  3.1024e-01  9.6913e+04   88 
   2  7.1732e+04  1.2150e+03  3.1024e-01  9.6913e+04  165 
   2  7.1732e+04  1.2150e+03  3.1024e-01  9.6913e+04   96 
   3  1.4346e+05  8.7307e+02  4.7513e-01  3.6025e+04   51 
   3  1.4346e+05  8.7307e+02  4.7513e-01  3.6025e+04   51 
   4  2.6960e+05  1.3144e+03  4.7088e-01  7.0834e+04   60 
   4  2.6960e+05  1.3144e+03  4.7088e-01  7.0834e+04   49 
   5  2.6960e+05  2.2778e+03  4.6615e-01  1.3204e+05   62 
   5  2.6960e+05  2.2778e+03  4.6615e-01  1.3204e+05   52 
   6  2.3428e+05  2.8424e+03  5.8553e-01  1.6258e+05   63 
   6  2.3428e+05  2.8424e+03  5.8553e-01  1.6258e+05   51 
   7  2.3428e+05  2.4058e+03  5.8726e-01  1.4158e+05   65 
   7  2.3428e+05  2.4058e+03  5.8726e-01  1.4158e+05   52 
   8  1.9259e+05  3.0046e+03  7.0733e-01  1.7088e+05   66 
   8  1.9259e+05  3.0046e+03  7.0733e-01  1.7088e+05   52 
   9  1.9259e+05  2.3655e+03  7.1032e-01  1.4090e+05   65 
   9  1.9259e+05  2.3655e+03  7.1032e-01  1.4090e+05   51 
  10  1.6134e+05  2.9484e+03  8.3086e-01  1.6565e+05   63 
  11  1.6134e+05  2.3743e+03  8.3411e-01  1.3916e+05   50 
