  #     beta     phi_d     phi_m      phi       cg_iter
   1 7.2255e+06 2.2964e+03 3.1072e-03 2.2235e+07 816
   2 1.7242e+07 1.7610e+03 5.1978e-03 4.0212e+04 922
   3 8.5975e+06 4.2607e+03 6.6121e-03 1.2090e+05 350
   4 6.0732e+06 2.8346e+03 8.5405e-03 7.7468e+04 507
   5 5.1086e+06 2.6493e+03 1.0962e-02 7.0704e+04 531
   6 3.3121e+06 2.9980e+03 1.4090e-02 7.7720e+04 463
   7 2.3438e+06 2.8314e+03 1.7987e-02 6.5571e+04 483
   8 1.7044e+06 2.7817e+03 2.1291e-02 5.5651e+04 481
   9 1.4179e+06 2.7030e+03 2.3744e-02 4.5630e+04 484
  10 1.0366e+06 2.7721e+03 2.4742e-02 3.9872e+04 455
  11 8.9319e+05 2.5379e+03 2.4834e-02 2.9650e+04 497
  12 7.6870e+05 2.5432e+03 2.4043e-02 2.5123e+04 479
  13 6.6728e+05 2.5047e+03 2.2920e-02 2.0891e+04 477
  14 1.0043e+06 2.4451e+03 2.1884e-02 1.7548e+04 477
  15 5.8906e+05 3.2030e+03 2.0011e-02 2.4104e+04 336
  16 5.0628e+05 2.5491e+03 2.0238e-02 1.4902e+04 476
  17 7.6245e+05 2.4409e+03 1.9746e-02 1.2695e+04 498
  18 4.8486e+05 3.0363e+03 1.8211e-02 1.7444e+04 377
  19 4.1197e+05 2.6018e+03 1.8566e-02 1.1889e+04 516
  20 4.1197e+05 2.4914e+03 1.8252e-02 1.0203e+04 568
  21 3.5456e+05 2.5430e+03 1.7623e-02 9.9960e+03 571
  22 3.5456e+05 2.4657e+03 1.7377e-02 8.7794e+03 630
  23 3.5456e+05 2.4935e+03 1.6763e-02 8.5849e+03 627
  24 3.0643e+05 2.5242e+03 1.6120e-02 8.3888e+03 605
  25 3.0643e+05 2.4477e+03 1.5761e-02 7.4065e+03 655
  26 3.0643e+05 2.4587e+03 1.5091e-02 7.2043e+03 672
  27 3.0643e+05 2.4638e+03 1.4465e-02 7.0100e+03 673
  28 3.0643e+05 2.4534e+03 1.3893e-02 6.8170e+03 667
  29 4.6262e+05 2.4229e+03 1.3342e-02 6.6247e+03 673
  30 3.8744e+05 2.6704e+03 1.1981e-02 8.4375e+03 525
  31 3.3368e+05 2.5399e+03 1.1874e-02 7.2412e+03 585
  32 5.0487e+05 2.4072e+03 1.1725e-02 6.4063e+03 655
  33 4.2489e+05 2.6469e+03 1.0705e-02 8.1954e+03 515
  34 3.6389e+05 2.5652e+03 1.0683e-02 7.1717e+03 573
  35 3.6389e+05 2.4711e+03 1.0648e-02 6.4004e+03 629
  36 3.6389e+05 2.4518e+03 1.0423e-02 6.2911e+03 646
  37 5.4812e+05 2.4394e+03 1.0225e-02 6.2006e+03 637
  38 4.6404e+05 2.6187e+03 9.6108e-03 7.9845e+03 532
  39 3.9871e+05 2.5505e+03 9.6353e-03 7.0635e+03 587
  40 3.9871e+05 2.4678e+03 9.6662e-03 6.3574e+03 655
  41 3.9871e+05 2.4465e+03 9.5528e-03 6.2832e+03 648
  42 6.0095e+05 2.4348e+03 9.4534e-03 6.2275e+03 642
  43 5.1435e+05 2.5681e+03 9.0675e-03 8.0797e+03 542
  44 5.1435e+05 2.4925e+03 9.1400e-03 7.2214e+03 566
  45 5.1435e+05 2.4656e+03 9.0965e-03 7.1663e+03 569
  46 7.7505e+05 2.4366e+03 9.0563e-03 7.1205e+03 590
  47 6.6192e+05 2.5781e+03 8.7608e-03 9.4239e+03 472
  48 5.7354e+05 2.5128e+03 8.8010e-03 8.3663e+03 504
  49 5.7354e+05 2.4506e+03 8.8372e-03 7.5438e+03 559
  50 8.6407e+05 2.4380e+03 8.7982e-03 7.5027e+03 546
  51 7.3620e+05 2.5890e+03 8.5346e-03 1.0023e+04 450
  52 6.3676e+05 2.5208e+03 8.6007e-03 8.8653e+03 476
  53 6.3676e+05 2.4644e+03 8.6641e-03 7.9905e+03 517
  54 6.3676e+05 2.4601e+03 8.6437e-03 7.9753e+03 477
  55 6.3676e+05 2.4575e+03 8.6160e-03 7.9579e+03 444
  56 6.3676e+05 2.4555e+03 8.5882e-03 7.9382e+03 464
  57 6.3676e+05 2.4523e+03 8.5698e-03 7.9196e+03 453
